Date, Open, High, Low, Close, Volume
04/05/22, 2.18, 2.41, 2.18, 2.18, 50200
04/04/22, 2.45, 2.45, 2.40, 2.41, 26200
04/01/22, 2.45, 2.45, 2.45, 2.45, 7100
03/31/22, 2.51, 2.51, 2.45, 2.46, 10000
03/30/22, 2.51, 2.51, 2.51, 2.51, 10400
03/29/22, 2.51, 2.51, 2.51, 2.51, 8600
03/28/22, 2.68, 2.68, 2.45, 2.47, 19300
03/25/22, 2.50, 2.50, 2.50, 2.50, 28100
03/24/22, 2.50, 2.64, 2.50, 2.51, 5200
03/23/22, 2.65, 2.65, 2.65, 2.65, 7400
03/22/22, 2.45, 2.65, 2.45, 2.53, 500
03/21/22, 2.68, 2.68, 2.40, 2.45, 19000
03/17/22, 2.45, 2.45, 2.45, 2.45, 2400
03/15/22, 2.40, 2.40, 2.40, 2.40, 100
03/14/22, 2.41, 2.66, 2.40, 2.41, 16400
03/11/22, 2.66, 2.66, 2.66, 2.66, 100
03/10/22, 2.69, 2.69, 2.69, 2.69, 500
03/09/22, 2.69, 2.70, 2.69, 2.70, 8800
03/08/22, 2.70, 2.70, 2.70, 2.70, 3700
03/07/22, 2.70, 2.70, 2.50, 2.67, 1300
03/04/22, 2.70, 2.70, 2.70, 2.70, 300
03/03/22, 2.55, 2.66, 2.50, 2.53, 1800
03/02/22, 2.50, 2.55, 2.50, 2.50, 26200
03/01/22, 2.46, 2.55, 2.46, 2.54, 21300
02/28/22, 2.70, 2.70, 2.66, 2.69, 300
02/25/22, 2.50, 2.50, 2.44, 2.46, 4500
02/24/22, 2.50, 2.75, 2.50, 2.65, 4000
02/23/22, 2.70, 2.70, 2.69, 2.70, 700
02/22/22, 2.75, 2.75, 2.43, 2.69, 87800
02/21/22, 2.68, 2.75, 2.65, 2.70, 3200
02/18/22, 2.60, 2.68, 2.60, 2.67, 1400
02/17/22, 2.62, 2.62, 2.40, 2.44, 900
02/16/22, 2.37, 2.62, 2.37, 2.61, 10500
02/15/22, 2.61, 2.62, 2.58, 2.61, 22900
02/14/22, 2.78, 2.78, 2.60, 2.62, 5800
02/11/22, 2.80, 2.82, 2.80, 2.81, 6800
02/08/22, 2.70, 2.82, 2.70, 2.76, 1000
02/07/22, 2.66, 2.66, 2.66, 2.66, 200
02/04/22, 2.80, 2.83, 2.75, 2.77, 1700
02/03/22, 2.66, 2.67, 2.66, 2.66, 800
02/02/22, 2.67, 2.67, 2.67, 2.67, 400
02/01/22, 2.67, 2.67, 2.67, 2.67, 100
01/28/22, 2.84, 2.84, 2.66, 2.67, 5800
01/27/22, 2.65, 2.66, 2.65, 2.66, 1000
01/26/22, 2.86, 2.86, 2.66, 2.66, 37900
01/25/22, 2.70, 2.74, 2.70, 2.74, 5200
01/24/22, 2.74, 2.74, 2.65, 2.71, 3200
01/21/22, 2.74, 2.74, 2.74, 2.74, 8300
01/20/22, 2.61, 2.65, 2.61, 2.65, 59600
01/19/22, 2.54, 2.75, 2.54, 2.54, 5500
01/17/22, 2.54, 2.84, 2.50, 2.52, 12100
01/14/22, 2.75, 2.75, 2.54, 2.61, 131900
01/13/22, 2.70, 2.86, 2.70, 2.75, 1800
01/12/22, 2.68, 2.87, 2.61, 2.74, 3000
01/11/22, 2.78, 2.85, 2.71, 2.82, 9100
01/10/22, 2.70, 2.78, 2.60, 2.68, 7400
01/07/22, 2.81, 2.82, 2.60, 2.78, 600
01/05/22, 2.58, 2.83, 2.58, 2.80, 1800
01/04/22, 2.60, 2.82, 2.60, 2.80, 1300
01/03/22, 2.85, 2.85, 2.85, 2.85, 1500
12/31/21, 2.78, 2.97, 2.78, 2.86, 2500
12/30/21, 2.77, 2.78, 2.77, 2.78, 11000
12/29/21, 2.77, 2.78, 2.77, 2.78, 900
12/28/21, 2.78, 2.78, 2.55, 2.68, 3800
12/24/21, 2.78, 2.78, 2.78, 2.78, 600
12/23/21, 2.78, 2.78, 2.78, 2.78, 300
12/22/21, 2.54, 2.54, 2.54, 2.54, 8500
12/21/21, 2.78, 2.78, 2.70, 2.73, 600
12/20/21, 2.80, 2.80, 2.69, 2.77, 700
12/17/21, 2.80, 2.80, 2.80, 2.80, 17500
12/14/21, 2.90, 2.90, 2.50, 2.69, 3400
12/10/21, 2.70, 2.97, 2.70, 2.75, 1200
12/09/21, 2.70, 2.72, 2.70, 2.70, 5700
12/08/21, 2.70, 2.70, 2.70, 2.70, 2800
12/07/21, 3.00, 3.00, 2.83, 3.00, 34200
12/06/21, 2.85, 3.00, 2.70, 2.89, 86700
12/03/21, 2.88, 2.88, 2.75, 2.77, 7600
12/02/21, 2.89, 2.89, 2.89, 2.89, 100
12/01/21, 2.85, 2.85, 2.60, 2.74, 800
11/30/21, 2.87, 2.87, 2.68, 2.68, 11100
11/29/21, 2.70, 2.70, 2.60, 2.68, 4300
11/26/21, 2.87, 2.87, 2.60, 2.65, 1800
11/25/21, 2.90, 2.90, 2.60, 2.63, 17000
11/24/21, 2.63, 3.14, 2.63, 2.65, 3300
11/23/21, 2.87, 2.87, 2.87, 2.87, 100
11/22/21, 2.61, 2.99, 2.60, 2.61, 7100
11/19/21, 2.71, 2.97, 2.71, 2.85, 4200
11/18/21, 2.71, 2.71, 2.71, 2.71, 4500
11/16/21, 2.71, 2.71, 2.71, 2.71, 2200
11/15/21, 3.00, 3.00, 2.71, 2.89, 4500
11/12/21, 3.00, 3.00, 2.80, 2.99, 21500
11/11/21, 2.70, 3.00, 2.70, 2.99, 18300
11/10/21, 2.99, 3.00, 2.99, 2.99, 2300
11/09/21, 3.00, 3.00, 2.69, 2.81, 20000
11/08/21, 3.00, 3.00, 2.85, 2.97, 500
11/05/21, 3.00, 3.14, 2.95, 3.01, 23900
11/04/21, 3.00, 3.00, 3.00, 3.00, 1400
11/03/21, 3.00, 3.00, 3.00, 3.00, 2400
11/02/21, 3.00, 3.00, 3.00, 3.00, 23700
11/01/21, 3.00, 3.15, 2.80, 2.86, 10300
10/29/21, 3.00, 3.15, 3.00, 3.04, 1100
10/28/21, 3.15, 3.15, 3.00, 3.01, 1300
10/27/21, 3.15, 3.15, 3.00, 3.01, 10900
10/26/21, 3.00, 3.00, 3.00, 3.00, 10400
10/25/21, 3.15, 3.15, 3.15, 3.15, 3600
10/22/21, 3.15, 3.15, 3.00, 3.02, 18200
10/21/21, 3.15, 3.15, 3.05, 3.14, 1200
10/19/21, 3.15, 3.15, 3.00, 3.07, 6200
10/18/21, 3.15, 3.15, 3.00, 3.01, 21600
10/15/21, 3.15, 3.20, 3.13, 3.15, 20800
10/14/21, 3.15, 3.15, 3.00, 3.11, 64300
10/13/21, 3.14, 3.14, 3.14, 3.14, 500
10/12/21, 3.14, 3.14, 3.12, 3.14, 2500
10/08/21, 3.30, 3.30, 3.10, 3.14, 10000
10/07/21, 3.15, 3.50, 3.15, 3.41, 13800
10/06/21, 3.55, 3.55, 3.20, 3.39, 300
10/05/21, 3.26, 3.26, 3.15, 3.25, 26600
10/04/21, 3.50, 3.50, 3.20, 3.26, 3700
10/01/21, 3.42, 3.42, 3.26, 3.42, 11700
09/30/21, 3.20, 3.42, 3.20, 3.26, 700
09/29/21, 3.32, 3.50, 3.30, 3.42, 16900
09/28/21, 3.50, 3.50, 3.50, 3.50, 3000
09/27/21, 3.50, 3.50, 3.25, 3.32, 2900
09/24/21, 3.50, 3.50, 3.50, 3.50, 4000
09/23/21, 3.20, 3.50, 3.20, 3.34, 1400
09/22/21, 3.28, 3.50, 3.00, 3.21, 51000
09/21/21, 3.40, 3.40, 3.14, 3.27, 4200
09/20/21, 3.40, 3.40, 3.40, 3.40, 5000
09/16/21, 3.49, 3.49, 3.40, 3.44, 2700
09/15/21, 3.73, 3.73, 3.49, 3.51, 2000
09/14/21, 3.85, 3.85, 3.49, 3.73, 300
09/13/21, 3.85, 3.85, 3.85, 3.85, 400
09/10/21, 3.50, 3.80, 3.49, 3.54, 3000
09/09/21, 3.80, 3.80, 3.80, 3.80, 100
09/08/21, 3.48, 3.48, 3.48, 3.48, 9900
09/07/21, 3.95, 3.95, 3.45, 3.48, 6000
09/06/21, 3.50, 3.80, 3.50, 3.63, 7400
09/03/21, 3.70, 3.70, 3.49, 3.50, 2500
09/02/21, 3.50, 3.50, 3.50, 3.50, 600
08/31/21, 3.88, 3.88, 3.88, 3.88, 1000
08/30/21, 3.85, 4.00, 3.85, 3.88, 600
08/27/21, 3.85, 3.85, 3.49, 3.67, 200
08/26/21, 3.80, 3.80, 3.48, 3.50, 12600
08/25/21, 3.80, 3.80, 3.80, 3.80, 100
08/24/21, 3.50, 3.50, 3.50, 3.50, 2600
08/23/21, 3.40, 3.50, 3.15, 3.48, 16600
08/20/21, 3.15, 3.45, 3.15, 3.30, 4800
08/19/21, 3.48, 3.48, 3.48, 3.48, 100
08/18/21, 3.45, 3.45, 3.45, 3.45, 1100
08/17/21, 3.15, 3.30, 3.15, 3.29, 2000
08/13/21, 3.30, 3.49, 3.15, 3.17, 10000
08/12/21, 3.30, 3.30, 3.15, 3.18, 500
08/11/21, 3.60, 3.60, 3.37, 3.46, 22000
08/10/21, 3.37, 3.38, 3.37, 3.38, 700
08/09/21, 3.37, 3.40, 3.37, 3.37, 3800
08/05/21, 3.10, 3.50, 3.10, 3.15, 13200
08/04/21, 3.40, 3.50, 3.30, 3.37, 3100
08/03/21, 3.50, 3.50, 3.50, 3.50, 300
08/02/21, 3.50, 3.50, 3.15, 3.33, 400
07/30/21, 3.49, 3.49, 3.49, 3.49, 400
07/29/21, 3.50, 3.50, 3.50, 3.50, 600
07/28/21, 3.65, 3.65, 3.65, 3.65, 400
07/27/21, 3.74, 3.74, 3.74, 3.74, 400
07/26/21, 3.45, 3.74, 3.45, 3.48, 7900
07/23/21, 3.45, 3.45, 3.45, 3.45, 2200
07/22/21, 3.15, 3.15, 3.15, 3.15, 100
07/21/21, 3.15, 3.15, 3.15, 3.15, 4900
07/19/21, 3.01, 3.33, 3.01, 3.07, 500
07/16/21, 3.21, 3.21, 3.21, 3.21, 2000
07/15/21, 3.26, 3.50, 3.26, 3.33, 1800
07/14/21, 3.21, 3.26, 3.21, 3.22, 1800
07/13/21, 3.40, 3.40, 3.40, 3.40, 500
07/09/21, 3.37, 3.37, 3.37, 3.37, 100
07/07/21, 3.10, 3.10, 3.10, 3.10, 10000
07/06/21, 3.40, 3.40, 3.40, 3.40, 2300
07/05/21, 3.74, 3.74, 3.74, 3.74, 1000
07/02/21, 3.40, 3.40, 3.40, 3.40, 500
07/01/21, 3.27, 3.27, 3.27, 3.27, 100
06/30/21, 3.40, 3.40, 3.28, 3.40, 5200
06/29/21, 3.51, 3.51, 3.27, 3.49, 69000
06/28/21, 3.51, 3.51, 3.51, 3.51, 7000
06/24/21, 3.51, 3.51, 3.51, 3.51, 100
06/21/21, 3.51, 3.51, 3.51, 3.51, 1300
06/17/21, 3.50, 3.51, 3.50, 3.50, 600
06/14/21, 3.50, 3.50, 3.50, 3.50, 400
06/11/21, 3.80, 3.80, 3.15, 3.27, 5100
06/10/21, 3.50, 3.50, 3.50, 3.50, 500
06/09/21, 3.50, 3.50, 3.50, 3.50, 400
06/08/21, 3.50, 3.50, 3.50, 3.50, 100
06/07/21, 3.30, 3.50, 3.27, 3.46, 4600
06/04/21, 3.25, 3.50, 3.25, 3.27, 2700
06/03/21, 3.50, 3.50, 3.50, 3.50, 3600
06/02/21, 3.50, 3.50, 3.50, 3.50, 7000
05/31/21, 3.51, 3.51, 3.50, 3.50, 3400
05/28/21, 3.50, 3.60, 3.50, 3.50, 34000
05/27/21, 3.51, 3.51, 3.50, 3.51, 3000
05/26/21, 3.31, 3.50, 3.31, 3.38, 1400
05/25/21, 3.31, 3.60, 3.31, 3.59, 3600
05/24/21, 3.60, 3.60, 3.60, 3.60, 1300
05/21/21, 3.60, 3.60, 3.60, 3.60, 400
05/20/21, 3.65, 3.65, 3.65, 3.65, 200
05/18/21, 3.60, 3.65, 3.50, 3.50, 79300
05/17/21, 3.60, 3.60, 3.60, 3.60, 400
05/13/21, 3.56, 3.60, 3.56, 3.59, 7100
05/12/21, 3.60, 3.60, 3.56, 3.57, 300
05/11/21, 3.51, 3.60, 3.51, 3.56, 200
05/07/21, 3.51, 3.51, 3.51, 3.51, 2800
05/06/21, 3.50, 3.67, 3.50, 3.54, 9700
05/05/21, 3.50, 3.50, 3.50, 3.50, 400
05/03/21, 3.55, 3.55, 3.50, 3.51, 2600
04/30/21, 3.85, 3.85, 3.60, 3.74, 12600
04/29/21, 3.75, 3.85, 3.75, 3.84, 700
04/27/21, 3.85, 3.85, 3.64, 3.75, 200
04/26/21, 3.64, 3.64, 3.64, 3.64, 100
04/23/21, 3.80, 3.80, 3.60, 3.64, 5300
04/22/21, 3.60, 3.85, 3.60, 3.66, 9100
04/21/21, 3.70, 3.70, 3.70, 3.70, 100
04/20/21, 3.53, 3.53, 3.53, 3.53, 1200
04/19/21, 3.50, 3.60, 3.50, 3.54, 29700
04/16/21, 3.50, 3.55, 3.50, 3.50, 418300
04/15/21, 3.55, 3.55, 3.50, 3.55, 4000
04/14/21, 3.55, 3.60, 3.55, 3.58, 29400
04/13/21, 3.79, 3.79, 3.55, 3.61, 5400
04/12/21, 3.36, 3.50, 3.36, 3.45, 1600
04/09/21, 3.36, 3.36, 3.36, 3.36, 1000
04/07/21, 3.36, 3.36, 3.36, 3.36, 600
04/06/21, 3.80, 3.80, 3.36, 3.51, 900
04/01/21, 3.50, 3.50, 3.36, 3.47, 500
03/31/21, 3.80, 3.80, 3.50, 3.57, 2900
03/30/21, 3.80, 3.80, 3.50, 3.80, 18700
03/29/21, 3.80, 3.80, 3.50, 3.80, 15600
03/26/21, 3.80, 3.80, 3.46, 3.63, 200
03/25/21, 3.80, 3.80, 3.80, 3.80, 6400
03/24/21, 3.50, 3.50, 3.22, 3.46, 6800
03/23/21, 3.32, 3.32, 3.32, 3.32, 200
03/19/21, 3.28, 3.28, 3.20, 3.26, 1300
03/18/21, 2.99, 3.28, 2.99, 3.28, 10000
03/17/21, 3.20, 3.20, 2.88, 2.99, 3000
03/16/21, 3.20, 3.20, 3.20, 3.20, 200
03/15/21, 3.50, 3.50, 3.50, 3.50, 100
03/09/21, 2.94, 3.50, 2.94, 3.20, 300
03/08/21, 3.40, 3.40, 3.15, 3.25, 4200
03/05/21, 3.27, 3.27, 3.20, 3.24, 500
03/04/21, 3.36, 3.50, 3.15, 3.31, 1600
03/03/21, 3.50, 3.50, 3.50, 3.50, 5000
03/02/21, 3.50, 3.50, 3.50, 3.50, 200
03/01/21, 3.36, 3.50, 3.36, 3.50, 5100
02/26/21, 3.49, 3.50, 3.49, 3.50, 5000
02/25/21, 3.50, 3.50, 3.50, 3.50, 100
02/23/21, 3.50, 3.50, 3.50, 3.50, 5500
02/22/21, 3.60, 3.60, 3.60, 3.60, 4000
02/19/21, 3.60, 3.60, 3.60, 3.60, 600
02/18/21, 3.02, 3.29, 3.02, 3.28, 5300
02/16/21, 3.00, 3.00, 3.00, 3.00, 400
02/15/21, 3.00, 3.00, 3.00, 3.00, 100
02/12/21, 3.00, 3.00, 3.00, 3.00, 1200
02/11/21, 3.00, 3.00, 3.00, 3.00, 500
02/10/21, 3.00, 3.00, 3.00, 3.00, 3000
02/09/21, 3.00, 3.17, 3.00, 3.02, 32300
02/08/21, 3.00, 3.00, 2.90, 2.91, 2500
02/05/21, 3.01, 3.01, 3.00, 3.01, 400
02/04/21, 2.90, 2.90, 2.90, 2.90, 600
02/02/21, 2.90, 2.90, 2.90, 2.90, 100
02/01/21, 3.00, 3.00, 2.88, 2.99, 2100
01/29/21, 3.00, 3.00, 3.00, 3.00, 100
01/28/21, 2.90, 3.17, 2.88, 3.00, 2100
01/26/21, 3.16, 3.17, 3.16, 3.17, 7400
01/25/21, 3.16, 3.16, 3.16, 3.16, 400
01/22/21, 3.16, 3.16, 3.16, 3.16, 400
01/21/21, 3.16, 3.16, 3.16, 3.16, 1300
01/19/21, 2.85, 3.16, 2.85, 2.95, 300
01/15/21, 3.45, 3.45, 3.15, 3.16, 2300
01/14/21, 3.45, 3.45, 3.45, 3.45, 300
01/13/21, 3.70, 3.70, 3.60, 3.67, 1500
01/12/21, 3.57, 3.81, 3.57, 3.80, 4400
01/11/21, 3.81, 3.81, 3.57, 3.67, 500
01/08/21, 3.57, 3.82, 3.57, 3.61, 1800
01/07/21, 3.57, 3.57, 3.57, 3.57, 4500
01/06/21, 3.25, 3.57, 2.95, 3.44, 13200
01/05/21, 3.25, 3.25, 3.25, 3.25, 200
12/31/20, 3.25, 3.25, 3.20, 3.25, 8300
12/30/20, 3.20, 3.22, 3.20, 3.20, 2200
12/29/20, 3.22, 3.22, 3.22, 3.22, 800
12/28/20, 2.94, 2.94, 2.94, 2.94, 20000
12/24/20, 2.80, 3.08, 2.80, 2.94, 200
12/23/20, 3.08, 3.08, 3.08, 3.08, 2000
12/22/20, 3.08, 3.08, 2.80, 2.87, 7700
12/21/20, 2.80, 2.80, 2.80, 2.80, 400
12/17/20, 2.70, 2.80, 2.70, 2.73, 1000
12/16/20, 2.46, 2.70, 2.46, 2.61, 800
12/15/20, 2.75, 2.75, 2.70, 2.73, 9700
12/14/20, 3.00, 3.00, 2.71, 2.75, 900
12/11/20, 3.00, 3.00, 3.00, 3.00, 100
12/10/20, 3.00, 3.00, 3.00, 3.00, 3200
12/09/20, 3.29, 3.29, 3.00, 3.15, 200
12/07/20, 3.00, 3.00, 3.00, 3.00, 400
12/03/20, 3.00, 3.00, 3.00, 3.00, 5200
12/02/20, 3.00, 3.00, 2.72, 3.00, 26700
12/01/20, 3.00, 3.00, 3.00, 3.00, 44900
11/30/20, 3.00, 3.00, 3.00, 3.00, 12300
11/27/20, 3.00, 3.00, 3.00, 3.00, 10800
11/26/20, 2.79, 2.79, 2.79, 2.79, 800
11/25/20, 3.06, 3.60, 3.06, 3.09, 30200
11/24/20, 3.20, 3.30, 3.20, 3.28, 2700
11/23/20, 3.25, 3.25, 3.10, 3.18, 600
11/20/20, 3.10, 3.10, 3.06, 3.09, 500
11/19/20, 3.10, 3.10, 3.10, 3.10, 20000
11/17/20, 3.06, 3.40, 3.06, 3.20, 25800
11/16/20, 3.40, 3.40, 3.15, 3.32, 30400
11/13/20, 3.40, 3.40, 3.40, 3.40, 1500
11/12/20, 3.50, 3.50, 3.50, 3.50, 1400
11/11/20, 3.40, 3.40, 3.40, 3.40, 4500
11/10/20, 3.40, 3.40, 3.39, 3.40, 1300
11/09/20, 3.39, 3.39, 3.39, 3.39, 9900
11/05/20, 3.29, 3.29, 3.02, 3.09, 800
11/04/20, 3.00, 3.00, 3.00, 3.00, 100
11/02/20, 3.10, 3.10, 3.00, 3.08, 600
10/30/20, 3.10, 3.10, 3.10, 3.10, 200
10/29/20, 3.00, 3.00, 3.00, 3.00, 200
10/28/20, 3.50, 3.50, 3.15, 3.29, 8100
10/27/20, 3.50, 3.50, 3.47, 3.50, 1400
10/23/20, 3.50, 3.50, 3.50, 3.50, 100
10/21/20, 3.40, 3.50, 3.40, 3.47, 600
10/19/20, 3.50, 3.50, 3.24, 3.41, 2600
10/14/20, 3.50, 3.50, 3.50, 3.50, 5000
10/13/20, 3.60, 3.60, 3.60, 3.60, 100
10/09/20, 3.51, 3.51, 3.50, 3.50, 24100
10/08/20, 3.81, 3.81, 3.50, 3.60, 2800
10/07/20, 3.81, 3.81, 3.50, 3.53, 3900
10/06/20, 3.81, 3.81, 3.81, 3.81, 500
10/02/20, 3.47, 3.47, 3.47, 3.47, 2000
10/01/20, 3.47, 3.47, 3.47, 3.47, 900
09/30/20, 3.85, 3.85, 3.85, 3.85, 7800
09/28/20, 3.85, 3.85, 3.85, 3.85, 1200
09/24/20, 4.10, 4.10, 3.85, 4.04, 2600
09/23/20, 3.85, 4.00, 3.85, 3.91, 5800
09/22/20, 4.00, 4.00, 3.90, 3.94, 500
09/21/20, 4.00, 4.00, 4.00, 4.00, 100
09/18/20, 4.00, 4.00, 4.00, 4.00, 100
09/16/20, 3.87, 3.87, 3.87, 3.87, 100
09/15/20, 3.70, 3.86, 3.70, 3.84, 2000
09/11/20, 3.51, 3.85, 3.50, 3.76, 8600
09/10/20, 3.55, 3.55, 3.55, 3.55, 6000
09/09/20, 3.55, 3.55, 3.55, 3.55, 43600
09/08/20, 3.50, 3.85, 3.50, 3.53, 2300
09/07/20, 3.50, 3.50, 3.50, 3.50, 1100
09/04/20, 3.50, 3.50, 3.50, 3.50, 700
09/03/20, 3.60, 3.60, 3.60, 3.60, 11700
09/02/20, 4.00, 4.00, 3.99, 4.00, 12000
09/01/20, 4.00, 4.00, 4.00, 4.00, 800
08/31/20, 4.20, 4.20, 4.00, 4.04, 900
08/28/20, 3.85, 4.20, 3.85, 3.99, 1700
08/27/20, 3.85, 3.85, 3.85, 3.85, 5200
08/24/20, 3.50, 3.50, 3.50, 3.50, 40000
08/21/20, 3.50, 3.50, 3.50, 3.50, 19100
08/20/20, 3.57, 3.57, 3.57, 3.57, 500
08/19/20, 3.25, 3.25, 3.25, 3.25, 400
08/18/20, 3.50, 3.50, 3.50, 3.50, 4100
08/17/20, 3.50, 3.50, 3.50, 3.50, 1000
08/14/20, 3.50, 3.50, 3.50, 3.50, 700
08/13/20, 3.24, 3.48, 3.24, 3.29, 1000
08/12/20, 3.24, 3.24, 3.24, 3.24, 1600
08/11/20, 3.00, 3.00, 2.95, 2.95, 4200
08/10/20, 3.48, 3.48, 3.15, 3.25, 3300
08/05/20, 3.48, 3.48, 3.48, 3.48, 500
08/04/20, 3.48, 3.48, 3.48, 3.48, 200
07/29/20, 3.48, 3.48, 3.48, 3.48, 100
07/28/20, 3.49, 3.49, 3.48, 3.48, 1200
07/27/20, 3.49, 3.49, 3.49, 3.49, 200
07/24/20, 3.87, 3.87, 3.87, 3.87, 200
07/23/20, 3.70, 3.70, 3.70, 3.70, 100
07/22/20, 3.85, 3.85, 3.85, 3.85, 3800
07/21/20, 3.85, 3.85, 3.85, 3.85, 4000
07/20/20, 4.09, 4.10, 4.09, 4.10, 58100
07/17/20, 4.25, 4.62, 4.25, 4.26, 6700
07/16/20, 3.85, 4.26, 3.85, 4.21, 4500
07/15/20, 4.25, 4.26, 4.25, 4.26, 7900
07/14/20, 3.78, 3.90, 3.73, 3.89, 11700
07/13/20, 3.50, 3.80, 3.50, 3.78, 36300
07/09/20, 3.75, 3.75, 3.50, 3.73, 127800
07/08/20, 3.70, 3.75, 3.60, 3.67, 19500
07/07/20, 3.80, 3.80, 3.80, 3.80, 500
07/06/20, 3.41, 3.48, 3.41, 3.47, 700
07/03/20, 3.48, 3.48, 3.40, 3.41, 3500
07/02/20, 3.30, 3.47, 3.30, 3.41, 27600
07/01/20, 3.50, 3.50, 3.15, 3.16, 10400
06/30/20, 3.50, 3.50, 3.50, 3.50, 200
06/29/20, 3.25, 3.50, 3.00, 3.41, 22100
06/26/20, 3.30, 3.30, 3.30, 3.30, 43300
06/25/20, 3.30, 3.30, 3.30, 3.30, 700
06/24/20, 3.60, 3.60, 3.20, 3.52, 1300
06/22/20, 3.35, 3.35, 3.20, 3.28, 200
06/19/20, 3.35, 3.40, 3.10, 3.20, 800
06/18/20, 3.40, 3.40, 3.40, 3.40, 200
06/17/20, 3.40, 3.40, 3.40, 3.40, 10000
06/16/20, 3.25, 3.25, 3.25, 3.25, 11200
06/15/20, 3.20, 3.20, 3.00, 3.05, 4900
06/12/20, 3.24, 3.24, 3.10, 3.20, 4200
06/11/20, 3.26, 3.26, 3.20, 3.24, 152700
06/10/20, 2.80, 3.00, 2.75, 2.97, 88600
06/09/20, 2.95, 2.95, 2.90, 2.94, 6800
06/08/20, 2.85, 2.92, 2.85, 2.90, 11700
06/05/20, 2.75, 2.95, 2.75, 2.91, 24600
06/04/20, 2.70, 2.80, 2.70, 2.75, 83900
06/03/20, 2.70, 2.70, 2.70, 2.70, 200
06/02/20, 2.70, 2.70, 2.70, 2.70, 700
05/29/20, 2.95, 2.95, 2.70, 2.92, 1900
05/28/20, 2.96, 2.96, 2.70, 2.94, 22500
05/27/20, 3.00, 3.00, 2.95, 2.97, 13600
05/26/20, 2.97, 2.97, 2.97, 2.97, 300
05/22/20, 2.90, 2.97, 2.90, 2.94, 45300
05/21/20, 2.79, 2.97, 2.79, 2.83, 4500
05/20/20, 2.80, 2.80, 2.80, 2.80, 1600
05/19/20, 2.64, 2.80, 2.60, 2.70, 1200
05/15/20, 2.50, 2.64, 2.50, 2.55, 7200
05/14/20, 2.41, 2.41, 2.41, 2.41, 5000
05/13/20, 2.40, 2.42, 2.40, 2.40, 35200
05/11/20, 2.20, 2.20, 1.91, 2.20, 27300
05/08/20, 2.20, 2.20, 2.10, 2.11, 71000
05/07/20, 2.10, 2.20, 2.10, 2.13, 99200
05/06/20, 2.30, 2.30, 2.20, 2.21, 4200
05/05/20, 2.30, 2.35, 2.30, 2.30, 10600
05/04/20, 2.35, 2.35, 2.30, 2.30, 20500
04/30/20, 2.39, 2.39, 2.35, 2.37, 7400
04/29/20, 2.40, 2.40, 2.30, 2.33, 1100
04/28/20, 2.27, 2.27, 2.27, 2.27, 900
04/27/20, 2.20, 2.32, 2.00, 2.07, 38800
04/23/20, 2.20, 2.20, 2.10, 2.11, 2000
04/21/20, 2.20, 2.20, 2.20, 2.20, 100
04/17/20, 2.00, 2.00, 2.00, 2.00, 2800
04/16/20, 2.20, 2.20, 2.20, 2.20, 100
04/14/20, 2.25, 2.25, 2.20, 2.21, 900
04/03/20, 2.30, 2.30, 2.25, 2.25, 4800
04/02/20, 2.44, 2.44, 2.30, 2.32, 600
03/26/20, 2.27, 2.55, 2.27, 2.29, 1400
03/24/20, 2.52, 2.52, 2.52, 2.52, 200
03/23/20, 2.55, 2.55, 2.50, 2.52, 800
03/20/20, 2.48, 2.48, 2.48, 2.48, 100
03/19/20, 2.75, 2.75, 2.50, 2.55, 600
03/18/20, 2.75, 2.75, 2.70, 2.73, 200
03/13/20, 2.75, 2.75, 2.75, 2.75, 100
03/12/20, 2.75, 2.75, 2.75, 2.75, 200
03/11/20, 2.75, 2.75, 2.75, 2.75, 1100
03/10/20, 2.65, 2.75, 2.60, 2.65, 300
03/09/20, 2.75, 2.75, 2.75, 2.75, 2200
03/06/20, 2.75, 2.75, 2.75, 2.75, 400
03/05/20, 2.75, 2.75, 2.75, 2.75, 300
03/04/20, 2.50, 2.50, 2.50, 2.50, 100
03/03/20, 2.50, 2.50, 2.50, 2.50, 100
03/02/20, 2.53, 2.80, 2.50, 2.53, 1100
02/28/20, 2.56, 2.56, 2.56, 2.56, 1100
02/26/20, 2.56, 2.57, 2.55, 2.56, 3200
02/25/20, 2.80, 2.80, 2.80, 2.80, 100
02/21/20, 2.56, 2.60, 2.56, 2.56, 10700
02/20/20, 2.57, 2.57, 2.55, 2.57, 17500
02/18/20, 2.60, 2.68, 2.60, 2.60, 2200
02/17/20, 2.60, 2.64, 2.60, 2.60, 4700
02/13/20, 2.61, 2.65, 2.50, 2.61, 400
02/12/20, 2.50, 2.50, 2.50, 2.50, 3600
02/10/20, 2.64, 2.70, 2.60, 2.64, 700
02/07/20, 2.68, 2.70, 2.60, 2.68, 3000
02/06/20, 2.70, 2.70, 2.70, 2.70, 8300
02/04/20, 2.56, 2.70, 2.50, 2.56, 10300
02/03/20, 2.70, 2.70, 2.70, 2.70, 200
01/31/20, 2.58, 2.70, 2.57, 2.58, 7800
01/30/20, 2.57, 2.70, 2.56, 2.57, 1100
01/29/20, 2.57, 2.65, 2.56, 2.57, 1600
01/28/20, 2.70, 2.70, 2.70, 2.70, 400
01/27/20, 2.70, 2.70, 2.70, 2.70, 100
01/24/20, 2.56, 2.56, 2.56, 2.56, 2000
01/23/20, 2.65, 2.65, 2.55, 2.65, 8800
01/22/20, 2.60, 2.95, 2.50, 2.60, 50000
01/21/20, 2.76, 2.95, 2.68, 2.76, 4100
01/20/20, 2.70, 2.70, 2.66, 2.70, 1100
01/17/20, 2.66, 2.75, 2.65, 2.66, 77100
01/16/20, 2.75, 2.75, 2.75, 2.75, 7500
01/15/20, 2.92, 3.00, 2.70, 2.92, 5900
01/14/20, 2.82, 2.85, 2.70, 2.82, 3700
01/13/20, 2.85, 3.00, 2.70, 2.85, 7200
01/10/20, 3.00, 3.20, 3.00, 3.00, 128000
01/09/20, 3.33, 3.40, 3.20, 3.33, 153800
01/08/20, 3.35, 3.40, 3.25, 3.35, 1300
01/07/20, 3.36, 3.40, 3.30, 3.36, 3000
01/06/20, 3.40, 3.40, 3.40, 3.40, 300
01/03/20, 3.40, 3.40, 3.40, 3.40, 500
12/31/19, 3.45, 3.45, 3.45, 3.45, 200
12/23/19, 3.45, 3.45, 3.45, 3.45, 500
12/20/19, 3.40, 3.40, 3.40, 3.40, 24500
12/19/19, 3.35, 3.45, 3.11, 3.35, 10400
12/17/19, 3.45, 3.47, 3.08, 3.45, 5500
12/13/19, 3.42, 3.47, 3.40, 3.42, 400
12/11/19, 3.60, 3.60, 3.60, 3.60, 100
12/10/19, 3.60, 3.60, 3.60, 3.60, 500
12/06/19, 3.89, 3.90, 3.68, 3.89, 2900
12/05/19, 3.68, 3.68, 3.68, 3.68, 500
12/03/19, 3.90, 3.90, 3.90, 3.90, 1300
12/02/19, 3.68, 4.00, 3.55, 3.68, 600
11/29/19, 3.90, 3.90, 3.90, 3.90, 4000
11/28/19, 4.23, 4.30, 4.10, 4.23, 300
11/27/19, 4.30, 4.30, 4.30, 4.30, 300
11/26/19, 4.15, 4.30, 4.00, 4.15, 400
11/25/19, 4.01, 4.10, 4.00, 4.01, 8700
11/22/19, 4.03, 4.50, 4.00, 4.03, 18000
11/21/19, 4.10, 4.10, 4.10, 4.10, 200
11/20/19, 4.10, 4.10, 4.10, 4.10, 700
11/19/19, 4.10, 4.10, 4.10, 4.10, 600
11/18/19, 3.76, 3.76, 3.76, 3.76, 900
11/15/19, 3.60, 3.60, 3.50, 3.60, 284100
11/14/19, 3.42, 3.50, 3.30, 3.42, 2500
11/13/19, 3.30, 3.30, 3.21, 3.30, 100900
11/12/19, 3.20, 3.46, 3.20, 3.20, 4417600
11/11/19, 3.46, 3.50, 3.46, 3.46, 2600
11/08/19, 3.78, 3.84, 3.65, 3.78, 1800
11/07/19, 3.84, 3.84, 3.84, 3.84, 400
11/06/19, 3.50, 3.84, 3.46, 3.50, 2600
11/05/19, 3.65, 3.84, 3.46, 3.65, 200
11/04/19, 3.84, 3.84, 3.84, 3.84, 1000
11/01/19, 3.50, 3.50, 3.50, 3.50, 100
10/31/19, 3.50, 3.50, 3.50, 3.50, 800
10/30/19, 3.22, 3.22, 3.22, 3.22, 10900
10/28/19, 3.20, 3.20, 3.20, 3.20, 1600
10/25/19, 3.22, 3.22, 3.22, 3.22, 300
10/23/19, 3.22, 3.23, 3.20, 3.22, 200
10/18/19, 3.20, 3.22, 3.20, 3.20, 500
10/17/19, 3.10, 3.20, 3.00, 3.10, 10000
10/16/19, 3.17, 3.20, 3.15, 3.17, 2600
10/15/19, 3.18, 3.20, 3.00, 3.18, 3300
10/11/19, 3.20, 3.20, 3.20, 3.20, 700
10/09/19, 3.20, 3.20, 3.20, 3.20, 2100
10/08/19, 3.15, 3.15, 3.15, 3.15, 100
10/07/19, 3.19, 3.20, 3.15, 3.19, 3600
10/01/19, 3.15, 3.45, 3.15, 3.15, 14900
09/30/19, 3.16, 3.30, 3.15, 3.16, 2200
09/27/19, 3.15, 3.15, 3.15, 3.15, 600
09/25/19, 3.15, 3.15, 3.15, 3.15, 3000
09/24/19, 3.15, 3.15, 3.15, 3.15, 1300
09/23/19, 3.15, 3.16, 3.15, 3.15, 11500
09/20/19, 3.15, 3.15, 3.15, 3.15, 100
09/19/19, 3.00, 3.00, 3.00, 3.00, 100
09/18/19, 3.12, 3.15, 3.10, 3.12, 1100
09/17/19, 3.15, 3.15, 3.15, 3.15, 43600
09/16/19, 3.10, 3.15, 3.00, 3.10, 4600
09/12/19, 3.15, 3.30, 3.00, 3.15, 10000
09/11/19, 3.26, 3.35, 3.25, 3.26, 700
09/10/19, 3.45, 3.55, 3.35, 3.45, 18300
09/09/19, 3.35, 3.50, 3.20, 3.35, 3600
09/05/19, 3.27, 3.63, 3.27, 3.27, 16600
09/04/19, 3.63, 3.63, 3.60, 3.63, 13300
09/03/19, 3.84, 3.93, 3.61, 3.84, 5000
09/02/19, 3.61, 3.87, 3.60, 3.61, 17000
08/30/19, 3.88, 3.90, 3.87, 3.88, 15400
08/29/19, 3.57, 3.87, 3.56, 3.57, 2100
08/28/19, 3.56, 3.56, 3.56, 3.56, 1300
08/27/19, 3.55, 3.56, 3.50, 3.55, 400
08/26/19, 3.50, 3.50, 3.50, 3.50, 7900
08/23/19, 3.56, 3.80, 3.50, 3.56, 8500
08/22/19, 3.52, 3.61, 3.51, 3.52, 1300
08/21/19, 3.61, 3.72, 3.50, 3.61, 26900
08/20/19, 3.70, 3.72, 3.67, 3.70, 1000
08/19/19, 3.72, 3.75, 3.67, 3.72, 800
08/15/19, 3.75, 3.78, 3.50, 3.75, 10400
08/14/19, 3.74, 3.80, 3.70, 3.74, 46900
08/13/19, 3.89, 4.00, 3.60, 3.89, 9500
08/09/19, 3.85, 3.85, 3.85, 3.85, 6200
08/08/19, 4.00, 4.00, 4.00, 4.00, 21200
08/07/19, 3.91, 4.00, 3.90, 3.91, 13500
08/06/19, 3.90, 4.00, 3.90, 3.90, 9100
08/05/19, 4.00, 4.00, 4.00, 4.00, 100
08/02/19, 4.11, 4.30, 3.91, 4.11, 200
08/01/19, 3.91, 4.00, 3.90, 3.91, 5200
07/31/19, 3.99, 4.20, 3.90, 3.99, 24700
07/30/19, 4.00, 4.20, 3.85, 4.00, 5800
07/29/19, 4.24, 4.53, 4.20, 4.24, 6400
07/26/19, 4.22, 4.60, 4.20, 4.22, 6400
07/25/19, 4.53, 4.69, 4.50, 4.53, 2300
07/24/19, 4.49, 4.50, 4.20, 4.49, 18600
07/23/19, 4.28, 4.55, 4.20, 4.28, 143500
07/22/19, 4.37, 4.50, 4.20, 4.37, 19400
07/19/19, 4.16, 4.20, 4.00, 4.16, 12900
07/18/19, 3.85, 3.85, 3.85, 3.85, 900
07/17/19, 3.50, 3.50, 3.40, 3.50, 23000
07/16/19, 3.36, 3.40, 3.25, 3.36, 800
07/15/19, 3.15, 3.23, 3.11, 3.15, 3000
07/12/19, 3.23, 3.35, 3.15, 3.23, 2800
07/11/19, 3.11, 3.35, 3.00, 3.11, 5500
07/10/19, 3.26, 3.40, 3.11, 3.26, 5200
07/09/19, 3.37, 3.40, 3.35, 3.37, 700
07/08/19, 3.10, 3.10, 3.10, 3.10, 100
07/05/19, 3.35, 3.35, 3.35, 3.35, 100
07/04/19, 3.09, 3.09, 3.09, 3.09, 21900
07/03/19, 3.09, 3.09, 3.09, 3.09, 400
07/02/19, 3.09, 3.09, 3.07, 3.09, 7400
07/01/19, 3.08, 3.09, 3.07, 3.08, 400
06/28/19, 3.07, 3.09, 3.00, 3.07, 400
06/27/19, 3.18, 3.30, 3.09, 3.18, 500
06/26/19, 3.18, 3.20, 3.00, 3.18, 66500
06/25/19, 3.09, 3.15, 2.90, 3.09, 27500
06/24/19, 3.01, 3.10, 3.01, 3.01, 12400
06/21/19, 3.10, 3.10, 3.10, 3.10, 200
06/20/19, 3.09, 3.10, 3.00, 3.09, 11600
06/19/19, 3.07, 3.10, 3.00, 3.07, 59900
06/18/19, 3.02, 3.10, 3.00, 3.02, 18500
06/17/19, 3.01, 3.15, 3.00, 3.01, 8200
06/14/19, 3.00, 3.05, 2.95, 3.00, 4800
06/13/19, 3.01, 3.01, 3.00, 3.01, 4400
06/12/19, 3.00, 3.01, 3.00, 3.00, 15100
06/11/19, 3.00, 3.09, 3.00, 3.00, 10000
06/10/19, 3.05, 3.10, 3.03, 3.05, 8300
06/07/19, 3.00, 3.15, 2.96, 3.00, 79000
06/06/19, 2.98, 3.03, 2.94, 2.98, 400
06/04/19, 3.03, 3.15, 3.00, 3.03, 1600
06/03/19, 3.03, 3.04, 3.03, 3.03, 10200
05/31/19, 3.00, 3.15, 3.00, 3.00, 35200
05/30/19, 2.94, 3.20, 2.73, 2.94, 17900
05/29/19, 2.94, 3.20, 2.73, 2.94, 8200
05/28/19, 2.92, 2.95, 2.70, 2.92, 11800
05/27/19, 2.73, 2.85, 2.70, 2.73, 12600
05/24/19, 2.85, 2.85, 2.64, 2.85, 8200
05/23/19, 2.66, 2.86, 2.63, 2.66, 3200
05/22/19, 2.60, 2.65, 2.42, 2.60, 21600
05/21/19, 2.63, 2.64, 2.60, 2.63, 5100
05/20/19, 2.64, 2.64, 2.50, 2.64, 15900
05/17/19, 2.42, 2.43, 2.40, 2.42, 1800
05/16/19, 2.49, 2.64, 2.23, 2.49, 3100
05/15/19, 2.40, 2.40, 2.40, 2.40, 1500
05/14/19, 2.40, 2.40, 2.25, 2.40, 7500
05/13/19, 2.20, 2.20, 2.20, 2.20, 600
05/10/19, 2.25, 2.30, 2.20, 2.25, 400
05/09/19, 2.20, 2.20, 2.10, 2.20, 926600
05/08/19, 2.11, 2.20, 2.10, 2.11, 9600
05/07/19, 2.18, 2.20, 2.01, 2.18, 21800
05/06/19, 2.20, 2.20, 2.20, 2.20, 600
05/03/19, 2.10, 2.10, 2.10, 2.10, 100
05/02/19, 2.00, 2.10, 1.91, 2.00, 19300
04/30/19, 2.10, 2.10, 2.10, 2.10, 2500
04/29/19, 2.00, 2.10, 2.00, 2.00, 6100
04/25/19, 2.00, 2.19, 2.00, 2.00, 44300
04/24/19, 2.12, 2.20, 2.10, 2.12, 700
04/23/19, 2.18, 2.20, 2.15, 2.18, 200
04/18/19, 2.00, 2.00, 2.00, 2.00, 63800
04/17/19, 2.16, 2.17, 2.15, 2.16, 200
04/16/19, 2.00, 2.04, 2.00, 2.00, 28600
04/15/19, 2.04, 2.18, 2.00, 2.04, 14000
04/12/19, 2.00, 2.05, 1.98, 2.00, 32200
04/11/19, 2.00, 2.00, 2.00, 2.00, 3600
04/10/19, 1.99, 2.00, 1.98, 1.99, 35300
04/09/19, 1.95, 1.95, 1.95, 1.95, 1100
04/08/19, 1.78, 1.78, 1.78, 1.78, 200
04/05/19, 1.72, 1.75, 1.72, 1.72, 3200
04/04/19, 1.78, 2.07, 1.72, 1.78, 24000
04/03/19, 1.89, 2.00, 1.80, 1.89, 500
04/02/19, 1.84, 1.90, 1.80, 1.84, 4900
03/29/19, 1.83, 1.95, 1.72, 1.83, 1900
03/28/19, 1.78, 2.00, 1.73, 1.78, 14400
03/27/19, 1.82, 2.00, 1.81, 1.82, 2100
03/26/19, 1.97, 1.98, 1.97, 1.97, 11700
03/22/19, 1.80, 1.83, 1.80, 1.80, 119500
03/21/19, 1.91, 2.01, 1.85, 1.91, 24500
03/20/19, 2.00, 2.00, 2.00, 2.00, 15400
03/19/19, 2.02, 2.02, 2.02, 2.02, 1300
03/18/19, 2.01, 2.02, 2.00, 2.01, 5300
03/15/19, 2.01, 2.10, 2.00, 2.01, 800
03/14/19, 2.00, 2.10, 2.00, 2.00, 2200
03/13/19, 2.20, 2.20, 2.20, 2.20, 2700
03/12/19, 2.10, 2.11, 2.10, 2.10, 3700
03/11/19, 2.00, 2.00, 2.00, 2.00, 50900
03/08/19, 2.00, 2.00, 2.00, 2.00, 95700
03/07/19, 2.00, 2.00, 2.00, 2.00, 5000
03/06/19, 1.88, 2.00, 1.83, 1.88, 20200
03/05/19, 1.90, 1.94, 1.90, 1.90, 4800
03/04/19, 2.00, 2.00, 2.00, 2.00, 1700
03/01/19, 2.16, 2.20, 1.98, 2.16, 7600
02/28/19, 2.08, 2.20, 1.98, 2.08, 1800
02/27/19, 2.20, 2.20, 2.20, 2.20, 1000
02/26/19, 2.18, 2.20, 2.10, 2.18, 400
02/25/19, 2.18, 2.30, 2.05, 2.18, 2900
02/22/19, 2.20, 2.30, 2.20, 2.20, 8500
02/21/19, 2.27, 2.35, 2.20, 2.27, 4200
02/20/19, 2.20, 2.35, 2.20, 2.20, 12700
02/19/19, 2.22, 2.30, 2.20, 2.22, 800
02/18/19, 2.20, 2.20, 2.20, 2.20, 5000
02/15/19, 2.15, 2.15, 2.15, 2.15, 5000
02/14/19, 2.10, 2.10, 2.10, 2.10, 100
02/13/19, 1.95, 1.95, 1.95, 1.95, 100
02/12/19, 2.05, 2.20, 1.95, 2.05, 7400
02/11/19, 2.15, 2.20, 2.10, 2.15, 800
02/08/19, 2.11, 2.20, 2.07, 2.11, 6600
02/07/19, 2.10, 2.10, 2.09, 2.10, 10600
02/06/19, 2.10, 2.10, 2.09, 2.10, 45800
02/05/19, 2.10, 2.10, 2.09, 2.10, 7200
02/04/19, 2.17, 2.20, 2.09, 2.17, 1600
02/01/19, 2.10, 2.10, 2.10, 2.10, 400
01/31/19, 2.09, 2.10, 2.02, 2.09, 4700
01/30/19, 2.02, 2.02, 2.02, 2.02, 700
01/29/19, 2.10, 2.20, 2.00, 2.10, 5100
01/28/19, 2.00, 2.05, 2.00, 2.00, 13700
01/25/19, 2.01, 2.02, 2.00, 2.01, 1900
01/24/19, 2.01, 2.01, 2.00, 2.01, 6100
01/23/19, 2.01, 2.05, 2.00, 2.01, 28100
01/22/19, 2.00, 2.00, 2.00, 2.00, 5300
01/21/19, 2.04, 2.05, 2.03, 2.04, 2500
01/18/19, 2.04, 2.05, 2.04, 2.04, 2300
01/17/19, 2.04, 2.04, 2.04, 2.04, 3600
01/16/19, 2.01, 2.05, 1.87, 2.01, 2800
01/15/19, 1.95, 2.10, 1.85, 1.95, 19500
01/14/19, 1.98, 2.00, 1.95, 1.98, 900
01/11/19, 2.00, 2.00, 2.00, 2.00, 1500
01/10/19, 2.00, 2.00, 2.00, 2.00, 700
01/09/19, 1.99, 2.05, 1.95, 1.99, 1200
01/08/19, 2.00, 2.00, 2.00, 2.00, 1000
01/07/19, 2.10, 2.10, 2.10, 2.10, 23500
01/04/19, 2.00, 2.00, 2.00, 2.00, 8200
01/03/19, 1.95, 2.00, 1.85, 1.95, 4700
01/02/19, 1.86, 1.90, 1.85, 1.86, 3000
12/31/18, 1.85, 1.85, 1.85, 1.85, 100
12/24/18, 1.84, 1.90, 1.82, 1.84, 2000
12/21/18, 1.88, 2.00, 1.85, 1.88, 800
12/20/18, 1.84, 2.00, 1.82, 1.84, 3200
12/19/18, 1.85, 2.00, 1.85, 1.85, 20500
12/18/18, 1.85, 1.91, 1.85, 1.85, 100500
12/17/18, 1.94, 2.13, 1.90, 1.94, 1800
12/14/18, 1.98, 2.00, 1.90, 1.98, 3100
12/13/18, 1.95, 2.00, 1.90, 1.95, 5400
12/11/18, 1.94, 2.02, 1.90, 1.94, 7300
12/10/18, 1.88, 2.09, 1.85, 1.88, 4000
12/07/18, 2.03, 2.03, 2.03, 2.03, 700
12/06/18, 2.03, 2.15, 2.00, 2.03, 10900
12/05/18, 2.15, 2.15, 2.15, 2.15, 1400
12/04/18, 2.05, 2.20, 2.00, 2.05, 1200
12/03/18, 2.19, 2.19, 2.19, 2.19, 900
11/30/18, 2.11, 2.19, 2.05, 2.11, 2100
11/29/18, 2.19, 2.30, 2.10, 2.19, 2000
11/28/18, 2.30, 2.30, 2.30, 2.30, 100
11/27/18, 2.15, 2.15, 2.15, 2.15, 200
11/26/18, 1.96, 2.00, 1.90, 1.96, 2500
11/23/18, 2.00, 2.05, 2.00, 2.00, 2100
11/22/18, 2.00, 2.05, 2.00, 2.00, 3600
11/21/18, 2.05, 2.05, 2.05, 2.05, 13400
11/20/18, 2.05, 2.10, 2.05, 2.05, 45500
11/19/18, 2.20, 2.20, 2.20, 2.20, 800
11/16/18, 2.20, 2.30, 2.15, 2.20, 3600
11/15/18, 2.20, 2.30, 2.10, 2.20, 2100
11/14/18, 2.20, 2.20, 2.20, 2.20, 100
11/13/18, 2.10, 2.15, 2.10, 2.10, 7300
11/12/18, 2.10, 2.15, 2.10, 2.10, 10500
11/09/18, 2.10, 2.20, 2.10, 2.10, 85000
11/08/18, 2.15, 2.15, 2.15, 2.15, 500
11/07/18, 2.20, 2.35, 2.20, 2.20, 102100
11/06/18, 2.30, 2.35, 2.15, 2.30, 9800
11/05/18, 2.35, 2.35, 2.35, 2.35, 3000
11/02/18, 2.20, 2.20, 2.20, 2.20, 1600
11/01/18, 2.30, 2.35, 2.15, 2.30, 2600
10/31/18, 2.35, 2.35, 2.35, 2.35, 1300
10/30/18, 2.15, 2.20, 2.10, 2.15, 28100
10/29/18, 2.30, 2.45, 2.25, 2.30, 1200
10/26/18, 2.25, 2.30, 2.25, 2.25, 9100
10/25/18, 2.20, 2.30, 2.20, 2.20, 28100
10/24/18, 2.20, 2.40, 2.20, 2.20, 201500
10/23/18, 2.35, 2.40, 2.30, 2.35, 1500
10/19/18, 2.40, 2.40, 2.40, 2.40, 120000
10/18/18, 2.35, 2.45, 2.25, 2.35, 18000
10/17/18, 2.40, 2.45, 2.40, 2.40, 3300
10/16/18, 2.45, 2.45, 2.45, 2.45, 500
10/15/18, 2.40, 2.45, 2.25, 2.40, 22300
10/11/18, 2.25, 2.30, 2.25, 2.25, 13400
10/09/18, 2.30, 2.30, 2.30, 2.30, 500
10/08/18, 2.30, 2.30, 2.30, 2.30, 3200
10/05/18, 2.35, 2.50, 2.30, 2.35, 500
10/04/18, 2.30, 2.30, 2.30, 2.30, 100
10/03/18, 2.25, 2.30, 2.25, 2.25, 1700
10/02/18, 2.25, 2.25, 2.25, 2.25, 6600
10/01/18, 2.25, 2.25, 2.25, 2.25, 300
09/28/18, 2.25, 2.40, 2.25, 2.25, 13500
09/27/18, 2.35, 2.40, 2.30, 2.35, 900
09/26/18, 2.30, 2.40, 2.25, 2.30, 1000
09/25/18, 2.25, 2.30, 2.25, 2.25, 3500
09/21/18, 2.30, 2.35, 2.30, 2.30, 5400
09/20/18, 2.25, 2.30, 2.25, 2.25, 11600
09/19/18, 2.30, 2.45, 2.25, 2.30, 21700
09/18/18, 2.25, 2.50, 2.25, 2.25, 4300
09/17/18, 2.30, 2.40, 2.25, 2.30, 64100
09/14/18, 2.25, 2.40, 2.25, 2.25, 22200
09/13/18, 2.30, 2.40, 2.25, 2.30, 10400
09/12/18, 2.40, 2.60, 2.30, 2.40, 400
09/10/18, 2.40, 2.45, 2.40, 2.40, 900
09/07/18, 2.50, 2.75, 2.50, 2.50, 5100
09/06/18, 2.50, 2.65, 2.45, 2.50, 10800
09/05/18, 2.65, 2.75, 2.65, 2.65, 1100
09/04/18, 2.65, 2.75, 2.45, 2.65, 11300
09/03/18, 2.50, 2.50, 2.50, 2.50, 100
08/31/18, 2.45, 2.45, 2.45, 2.45, 500
08/30/18, 2.45, 2.50, 2.45, 2.45, 12000
08/29/18, 2.45, 2.50, 2.40, 2.45, 22100
08/28/18, 2.45, 2.50, 2.45, 2.45, 1888400
08/27/18, 2.60, 2.70, 2.50, 2.60, 3300
08/24/18, 2.55, 2.70, 2.50, 2.55, 6900
08/23/18, 2.75, 2.75, 2.75, 2.75, 600
08/20/18, 2.65, 2.75, 2.60, 2.65, 97400
08/17/18, 2.70, 2.75, 2.65, 2.70, 23700
08/16/18, 2.65, 2.75, 2.65, 2.65, 2200
08/15/18, 2.90, 2.90, 2.90, 2.90, 4100
08/14/18, 2.90, 3.00, 2.90, 2.90, 1100
08/13/18, 2.90, 3.00, 2.90, 2.90, 1200
08/10/18, 2.95, 2.95, 2.95, 2.95, 1100
08/09/18, 2.90, 3.00, 2.90, 2.90, 1000
08/08/18, 3.00, 3.00, 2.90, 3.00, 44500
08/07/18, 3.00, 3.05, 3.00, 3.00, 119100
08/06/18, 3.05, 3.10, 3.00, 3.05, 53900
08/03/18, 2.90, 2.90, 2.90, 2.90, 9100
08/02/18, 2.85, 2.90, 2.80, 2.85, 5600
08/01/18, 2.95, 3.00, 2.80, 2.95, 54400
07/31/18, 2.80, 2.80, 2.80, 2.80, 200
07/30/18, 2.70, 2.70, 2.70, 2.70, 6000
07/27/18, 2.80, 2.90, 2.65, 2.80, 12300
07/26/18, 2.65, 2.70, 2.65, 2.65, 8400
07/25/18, 2.65, 2.70, 2.65, 2.65, 68300
07/24/18, 2.65, 2.70, 2.65, 2.65, 10200
07/23/18, 2.65, 2.65, 2.65, 2.65, 11400
07/19/18, 2.65, 2.70, 2.65, 2.65, 11100
07/18/18, 2.65, 2.70, 2.65, 2.65, 2100
07/17/18, 2.70, 2.85, 2.65, 2.70, 115400
07/16/18, 2.60, 2.65, 2.60, 2.60, 5800
07/13/18, 2.45, 2.55, 2.40, 2.45, 13400
07/12/18, 2.55, 2.60, 2.50, 2.55, 6100
07/11/18, 2.55, 2.60, 2.55, 2.55, 15100
07/10/18, 2.40, 2.40, 2.40, 2.40, 2000
07/09/18, 2.40, 2.40, 2.40, 2.40, 200
07/06/18, 2.35, 2.40, 2.25, 2.35, 12700
07/05/18, 2.20, 2.35, 2.20, 2.20, 45400
07/04/18, 2.35, 2.40, 2.35, 2.35, 31500
07/03/18, 2.60, 2.90, 2.45, 2.60, 11600
07/02/18, 2.70, 2.95, 2.45, 2.70, 26600
06/29/18, 2.70, 2.90, 2.70, 2.70, 1200
06/28/18, 2.65, 2.70, 2.55, 2.65, 2300
06/27/18, 2.80, 2.90, 2.80, 2.80, 500
06/26/18, 2.90, 3.00, 2.70, 2.90, 2100
06/25/18, 2.80, 3.10, 2.80, 2.80, 1000
06/22/18, 2.90, 3.10, 2.80, 2.90, 6100
06/21/18, 3.10, 3.30, 3.00, 3.10, 600
06/20/18, 3.00, 3.30, 3.00, 3.00, 176400
06/19/18, 3.05, 3.10, 2.90, 3.05, 32000
06/18/18, 2.85, 2.90, 2.55, 2.85, 60800
06/14/18, 2.70, 2.80, 2.55, 2.70, 8600
06/13/18, 2.55, 2.60, 2.40, 2.55, 40200
06/12/18, 2.55, 2.65, 2.55, 2.55, 6700
06/11/18, 2.50, 2.65, 2.40, 2.50, 1500
06/08/18, 2.60, 2.65, 2.50, 2.60, 3300
06/07/18, 2.50, 2.65, 2.50, 2.50, 6900
06/06/18, 2.50, 2.50, 2.50, 2.50, 4600
06/05/18, 2.45, 2.50, 2.45, 2.45, 500
06/04/18, 2.50, 2.50, 2.50, 2.50, 400
05/31/18, 2.50, 2.50, 2.50, 2.50, 100
05/30/18, 2.45, 2.50, 2.40, 2.45, 1300
05/29/18, 2.30, 2.40, 2.30, 2.30, 947400
05/28/18, 2.40, 2.45, 2.40, 2.40, 800
05/25/18, 2.35, 2.45, 2.30, 2.35, 600
05/24/18, 2.30, 2.40, 2.30, 2.30, 3200
05/23/18, 2.35, 2.35, 2.35, 2.35, 400
05/22/18, 2.25, 2.30, 2.10, 2.25, 17800
05/21/18, 2.30, 2.40, 2.30, 2.30, 3200
05/18/18, 2.40, 2.40, 2.30, 2.40, 4000
05/17/18, 2.40, 2.40, 2.40, 2.40, 3400
05/16/18, 2.35, 2.40, 2.35, 2.35, 2500
05/15/18, 2.35, 2.40, 2.35, 2.35, 1200
05/14/18, 2.30, 2.60, 2.30, 2.30, 43300
05/11/18, 2.40, 2.50, 2.30, 2.40, 2900
05/10/18, 2.35, 2.50, 2.30, 2.35, 23200
05/09/18, 2.40, 2.40, 2.40, 2.40, 19600
05/08/18, 2.35, 2.40, 2.35, 2.35, 9200
05/07/18, 2.40, 2.40, 2.40, 2.40, 400
05/04/18, 2.45, 2.50, 2.35, 2.45, 1300
05/03/18, 2.35, 2.50, 2.35, 2.35, 4700
05/02/18, 2.50, 2.50, 2.50, 2.50, 10500
04/30/18, 2.50, 2.60, 2.50, 2.50, 7900
04/27/18, 2.70, 2.75, 2.50, 2.70, 23300
04/26/18, 2.60, 2.65, 2.60, 2.60, 1300
04/24/18, 2.75, 2.75, 2.75, 2.75, 800
04/23/18, 2.75, 2.90, 2.75, 2.75, 1500
04/20/18, 2.85, 3.00, 2.70, 2.85, 85600
04/19/18, 2.75, 2.75, 2.75, 2.75, 900
04/18/18, 2.70, 2.75, 2.45, 2.70, 33100
04/17/18, 2.60, 2.75, 2.50, 2.60, 14900
04/16/18, 2.50, 2.50, 2.50, 2.50, 1500
04/13/18, 2.65, 2.75, 2.50, 2.65, 8200
04/12/18, 2.50, 2.75, 2.50, 2.50, 4600
04/11/18, 2.50, 2.55, 2.35, 2.50, 600
04/10/18, 2.35, 2.35, 2.30, 2.35, 6000
04/09/18, 2.15, 2.15, 2.15, 2.15, 1500
04/06/18, 2.35, 2.50, 2.35, 2.35, 3000
04/05/18, 2.50, 2.50, 2.35, 2.50, 51500
04/04/18, 2.35, 2.35, 2.35, 2.35, 100
04/03/18, 2.35, 2.35, 2.30, 2.35, 4600
03/29/18, 2.30, 2.30, 2.30, 2.30, 10400
03/27/18, 2.35, 2.35, 2.35, 2.35, 200
03/26/18, 2.30, 2.45, 2.30, 2.30, 39500
03/23/18, 2.25, 2.45, 2.25, 2.25, 12300
03/22/18, 2.25, 2.45, 2.20, 2.25, 106100
03/21/18, 2.30, 2.30, 2.30, 2.30, 8200
03/20/18, 2.40, 2.60, 2.25, 2.40, 20000
03/19/18, 2.45, 2.50, 2.10, 2.45, 13400
03/16/18, 2.30, 2.35, 2.30, 2.30, 4200
03/15/18, 2.40, 2.40, 2.40, 2.40, 200
03/13/18, 2.35, 2.50, 2.35, 2.35, 8700
03/12/18, 2.35, 2.50, 2.30, 2.35, 8300
03/09/18, 2.30, 2.35, 2.30, 2.30, 7400
03/08/18, 2.45, 2.50, 2.30, 2.45, 7700
03/07/18, 2.50, 2.50, 2.40, 2.50, 7000
03/06/18, 2.55, 2.70, 2.50, 2.55, 1300
03/05/18, 2.50, 2.60, 2.50, 2.50, 51600
03/02/18, 2.50, 2.60, 2.50, 2.50, 17500
03/01/18, 2.55, 2.60, 2.50, 2.55, 21400
02/28/18, 2.50, 2.60, 2.50, 2.50, 7100
02/27/18, 2.55, 2.55, 2.55, 2.55, 2300
02/26/18, 2.55, 2.55, 2.55, 2.55, 11900
02/23/18, 2.60, 2.60, 2.55, 2.60, 8500
02/22/18, 2.50, 2.55, 2.50, 2.50, 5500
02/21/18, 2.55, 2.60, 2.50, 2.55, 1900
02/20/18, 2.50, 2.60, 2.50, 2.50, 4000
02/19/18, 2.60, 2.70, 2.60, 2.60, 14900
02/16/18, 2.50, 2.75, 2.50, 2.50, 2800
02/15/18, 2.50, 2.50, 2.50, 2.50, 1800
02/14/18, 2.60, 2.70, 2.50, 2.60, 4300
02/13/18, 2.65, 2.75, 2.65, 2.65, 3000
02/12/18, 2.65, 2.65, 2.65, 2.65, 3900
02/09/18, 2.65, 2.65, 2.65, 2.65, 500
02/08/18, 2.55, 2.60, 2.55, 2.55, 806500
02/07/18, 2.55, 2.55, 2.50, 2.55, 19300
02/06/18, 2.55, 2.60, 2.55, 2.55, 6400
02/05/18, 2.55, 2.55, 2.55, 2.55, 4400
02/02/18, 2.50, 2.50, 2.50, 2.50, 20100
02/01/18, 2.50, 2.50, 2.50, 2.50, 100
01/31/18, 2.50, 2.50, 2.50, 2.50, 700
01/30/18, 2.45, 2.65, 2.45, 2.45, 2200
01/29/18, 2.45, 2.55, 2.35, 2.45, 4900
01/26/18, 2.45, 2.50, 2.35, 2.45, 16700
01/25/18, 2.50, 2.55, 2.50, 2.50, 7200
01/24/18, 2.55, 2.55, 2.55, 2.55, 1000
01/23/18, 2.55, 2.60, 2.55, 2.55, 263700
01/22/18, 2.55, 2.70, 2.55, 2.55, 25700
01/19/18, 2.65, 2.75, 2.50, 2.65, 9100
01/18/18, 2.70, 2.75, 2.60, 2.70, 12200
01/17/18, 2.75, 2.80, 2.75, 2.75, 3700
01/16/18, 2.80, 2.80, 2.80, 2.80, 11200
01/15/18, 2.55, 2.80, 2.55, 2.55, 1100
01/12/18, 2.65, 2.80, 2.60, 2.65, 8500
01/11/18, 2.65, 2.65, 2.65, 2.65, 4200
01/10/18, 2.60, 2.70, 2.60, 2.60, 25000
01/09/18, 2.60, 2.65, 2.60, 2.60, 500
01/08/18, 2.75, 2.80, 2.75, 2.75, 700
01/05/18, 2.80, 2.80, 2.75, 2.80, 5000
01/04/18, 2.65, 2.75, 2.50, 2.65, 1300
01/03/18, 2.75, 2.75, 2.75, 2.75, 200
01/02/18, 2.75, 2.90, 2.75, 2.75, 3500
12/29/17, 2.80, 2.90, 2.75, 2.80, 1500
12/28/17, 2.90, 2.90, 2.90, 2.90, 4900
12/27/17, 2.90, 2.90, 2.90, 2.90, 100
12/22/17, 2.90, 2.90, 2.90, 2.90, 100
12/21/17, 2.65, 2.65, 2.65, 2.65, 1000
12/20/17, 2.70, 2.70, 2.70, 2.70, 2800
12/19/17, 2.70, 2.90, 2.70, 2.70, 8000
12/18/17, 2.70, 2.90, 2.70, 2.70, 2800
12/15/17, 2.90, 2.90, 2.90, 2.90, 700
12/14/17, 2.90, 2.90, 2.90, 2.90, 3600
12/13/17, 2.70, 2.75, 2.70, 2.70, 2200
12/08/17, 2.75, 2.85, 2.70, 2.75, 13800
12/07/17, 2.80, 2.85, 2.80, 2.80, 3800
12/06/17, 2.80, 2.85, 2.80, 2.80, 7400
12/05/17, 2.80, 2.85, 2.75, 2.80, 14200
12/04/17, 2.85, 2.90, 2.75, 2.85, 9700
12/01/17, 2.75, 2.90, 2.70, 2.75, 700
11/30/17, 2.70, 2.70, 2.70, 2.70, 900
11/29/17, 2.70, 2.80, 2.70, 2.70, 6500
11/27/17, 2.95, 3.00, 2.90, 2.95, 178000
11/24/17, 3.00, 3.15, 3.00, 3.00, 50400
11/23/17, 3.00, 3.10, 2.90, 3.00, 5100
11/22/17, 3.05, 3.10, 2.95, 3.05, 800
11/21/17, 2.90, 3.10, 2.90, 2.90, 13900
11/20/17, 2.95, 3.10, 2.90, 2.95, 12100
11/17/17, 2.90, 3.00, 2.90, 2.90, 7800
11/16/17, 2.85, 3.00, 2.80, 2.85, 2500
11/15/17, 2.95, 3.15, 2.90, 2.95, 11200
11/14/17, 3.00, 3.00, 3.00, 3.00, 100
11/13/17, 2.80, 2.90, 2.75, 2.80, 17600
11/10/17, 3.05, 3.05, 3.00, 3.05, 29300
11/08/17, 2.90, 3.00, 2.90, 2.90, 700
11/07/17, 2.95, 3.00, 2.90, 2.95, 5600
11/06/17, 3.00, 3.15, 3.00, 3.00, 6300
11/03/17, 2.90, 3.00, 2.70, 2.90, 71000
11/02/17, 2.80, 2.90, 2.70, 2.80, 146300
11/01/17, 2.90, 2.90, 2.90, 2.90, 30000
10/31/17, 2.90, 2.90, 2.90, 2.90, 3100
10/30/17, 2.70, 2.70, 2.70, 2.70, 5000
10/27/17, 2.85, 2.90, 2.70, 2.85, 3100
10/24/17, 2.70, 2.70, 2.70, 2.70, 3200
10/23/17, 2.50, 2.70, 2.50, 2.50, 16400
10/19/17, 2.70, 2.70, 2.70, 2.70, 1700
10/18/17, 2.70, 2.70, 2.70, 2.70, 700
10/16/17, 2.50, 2.50, 2.45, 2.50, 18800
10/13/17, 2.60, 2.70, 2.60, 2.60, 1800
10/12/17, 2.70, 2.70, 2.70, 2.70, 1300
10/11/17, 2.70, 2.70, 2.70, 2.70, 700
10/10/17, 2.70, 2.70, 2.70, 2.70, 300
10/09/17, 2.70, 2.70, 2.70, 2.70, 100
10/06/17, 2.70, 2.70, 2.70, 2.70, 1600
10/05/17, 2.50, 2.50, 2.50, 2.50, 100
10/04/17, 2.50, 2.50, 2.50, 2.50, 200
10/02/17, 2.70, 2.70, 2.70, 2.70, 11100
09/29/17, 2.70, 2.75, 2.70, 2.70, 15700
09/28/17, 2.70, 2.80, 2.70, 2.70, 17100
09/27/17, 2.70, 2.80, 2.70, 2.70, 2000
09/26/17, 2.70, 2.75, 2.70, 2.70, 14500
09/25/17, 2.70, 2.90, 2.70, 2.70, 4700
09/21/17, 2.70, 2.80, 2.70, 2.70, 5900
09/20/17, 2.70, 2.75, 2.70, 2.70, 33800
09/19/17, 2.60, 2.80, 2.60, 2.60, 6300
09/18/17, 2.55, 2.55, 2.55, 2.55, 1000
09/15/17, 2.80, 2.80, 2.80, 2.80, 5400
09/14/17, 2.80, 2.85, 2.80, 2.80, 4500
09/13/17, 2.80, 2.80, 2.75, 2.80, 2200
09/11/17, 2.65, 2.75, 2.60, 2.65, 3900
09/08/17, 2.50, 2.50, 2.50, 2.50, 100
09/07/17, 2.60, 2.60, 2.60, 2.60, 400
09/06/17, 2.60, 2.65, 2.60, 2.60, 46500
09/05/17, 2.65, 2.70, 2.60, 2.65, 17100
09/04/17, 2.80, 2.80, 2.80, 2.80, 4200
09/01/17, 2.80, 2.80, 2.80, 2.80, 1100
08/31/17, 2.80, 2.90, 2.80, 2.80, 3200
08/30/17, 2.75, 2.80, 2.55, 2.75, 13500
08/29/17, 2.60, 2.80, 2.60, 2.60, 17800
08/28/17, 2.65, 2.75, 2.60, 2.65, 800
08/25/17, 2.60, 2.70, 2.60, 2.60, 2000
08/24/17, 2.70, 2.80, 2.60, 2.70, 3000
08/23/17, 2.80, 2.85, 2.60, 2.80, 215300
08/22/17, 2.80, 2.85, 2.70, 2.80, 1500
08/21/17, 2.60, 2.60, 2.60, 2.60, 3200
08/18/17, 2.75, 2.85, 2.70, 2.75, 5500
08/16/17, 2.80, 2.80, 2.75, 2.80, 12300
08/15/17, 2.80, 2.85, 2.80, 2.80, 10100
08/14/17, 2.80, 2.80, 2.80, 2.80, 21000
08/11/17, 2.55, 2.55, 2.55, 2.55, 600
08/10/17, 2.55, 2.60, 2.50, 2.55, 1300
08/07/17, 2.70, 2.80, 2.70, 2.70, 400
08/04/17, 2.75, 2.75, 2.75, 2.75, 8700
08/03/17, 2.60, 2.60, 2.60, 2.60, 7500
08/02/17, 2.60, 2.75, 2.60, 2.60, 4300
08/01/17, 2.75, 2.75, 2.75, 2.75, 1100
07/31/17, 2.65, 2.90, 2.65, 2.65, 144100
07/28/17, 2.75, 2.90, 2.65, 2.75, 26600
07/27/17, 2.90, 3.00, 2.90, 2.90, 600
07/26/17, 2.80, 2.80, 2.70, 2.80, 20400
07/25/17, 2.80, 2.80, 2.80, 2.80, 222100
07/24/17, 3.00, 3.05, 2.85, 3.00, 6000
07/21/17, 2.80, 2.80, 2.80, 2.80, 100
07/20/17, 2.70, 2.80, 2.70, 2.70, 6200
07/19/17, 2.75, 2.95, 2.70, 2.75, 7200
07/18/17, 2.80, 2.80, 2.75, 2.80, 8300
07/17/17, 2.70, 2.70, 2.70, 2.70, 2700
07/14/17, 2.70, 2.70, 2.70, 2.70, 100
07/13/17, 2.70, 2.80, 2.70, 2.70, 21600
07/12/17, 2.70, 2.70, 2.70, 2.70, 1200
07/11/17, 2.55, 2.55, 2.55, 2.55, 3000
07/10/17, 2.55, 2.70, 2.55, 2.55, 10400
07/07/17, 2.60, 2.65, 2.50, 2.60, 6900
07/06/17, 2.60, 2.60, 2.60, 2.60, 1200
07/05/17, 2.50, 2.60, 2.50, 2.50, 20900
07/04/17, 2.50, 2.60, 2.45, 2.50, 11400
07/03/17, 2.50, 2.50, 2.50, 2.50, 3700
06/30/17, 2.50, 2.65, 2.50, 2.50, 1600
06/29/17, 2.45, 2.65, 2.45, 2.45, 3700
06/28/17, 2.45, 2.60, 2.45, 2.45, 6100
06/27/17, 2.70, 2.70, 2.60, 2.70, 5200
06/23/17, 2.65, 2.65, 2.65, 2.65, 400
06/22/17, 2.55, 2.60, 2.45, 2.55, 6400
06/21/17, 2.40, 2.40, 2.40, 2.40, 400
06/20/17, 2.40, 2.50, 2.35, 2.40, 7600
06/19/17, 2.60, 2.70, 2.50, 2.60, 7300
06/16/17, 2.65, 2.65, 2.65, 2.65, 100
06/15/17, 2.45, 2.55, 2.35, 2.45, 7300
06/14/17, 2.35, 2.40, 2.35, 2.35, 1200
06/13/17, 2.35, 2.60, 2.35, 2.35, 43000
06/12/17, 2.60, 2.70, 2.60, 2.60, 4500
06/09/17, 2.75, 2.85, 2.65, 2.75, 1200
06/08/17, 2.65, 2.85, 2.65, 2.65, 4400
06/07/17, 2.65, 2.70, 2.60, 2.65, 6200
06/06/17, 2.60, 2.70, 2.60, 2.60, 9300
06/05/17, 2.70, 2.70, 2.65, 2.70, 11000
06/02/17, 2.50, 2.70, 2.50, 2.50, 6200
05/31/17, 2.70, 2.75, 2.70, 2.70, 4900
05/30/17, 2.70, 2.70, 2.70, 2.70, 4800
05/29/17, 2.55, 2.70, 2.50, 2.55, 800
05/26/17, 2.60, 2.80, 2.60, 2.60, 4100
05/25/17, 2.70, 2.70, 2.70, 2.70, 500
05/24/17, 2.75, 2.85, 2.70, 2.75, 5800
05/23/17, 2.70, 2.70, 2.70, 2.70, 900
05/22/17, 2.70, 2.90, 2.70, 2.70, 2500
05/19/17, 2.80, 2.85, 2.70, 2.80, 500
05/18/17, 2.70, 2.75, 2.50, 2.70, 1000
05/17/17, 2.50, 2.50, 2.50, 2.50, 15200
05/16/17, 2.50, 2.50, 2.50, 2.50, 100
05/15/17, 2.40, 2.50, 2.30, 2.40, 10300
05/12/17, 2.30, 2.40, 2.30, 2.30, 2200
05/11/17, 2.30, 2.75, 2.30, 2.30, 45000
05/10/17, 2.50, 2.55, 2.50, 2.50, 5500
05/09/17, 2.50, 2.50, 2.50, 2.50, 2700
05/08/17, 2.55, 2.70, 2.50, 2.55, 2000
05/05/17, 2.70, 2.70, 2.70, 2.70, 9000
05/04/17, 2.70, 2.75, 2.70, 2.70, 18800
05/03/17, 2.80, 3.00, 2.80, 2.80, 8600
05/02/17, 2.75, 2.80, 2.70, 2.75, 1400
04/28/17, 2.70, 2.80, 2.70, 2.70, 4100
04/27/17, 2.75, 2.80, 2.70, 2.75, 1700
04/26/17, 2.90, 2.90, 2.90, 2.90, 200
04/25/17, 2.90, 2.90, 2.90, 2.90, 1500
04/24/17, 2.70, 2.80, 2.70, 2.70, 8600
04/21/17, 2.70, 2.85, 2.60, 2.70, 8900
04/20/17, 2.70, 2.95, 2.70, 2.70, 17300
04/19/17, 2.90, 2.90, 2.80, 2.90, 3700
04/18/17, 2.75, 2.95, 2.70, 2.75, 2300
04/13/17, 2.70, 2.90, 2.65, 2.70, 5100
04/12/17, 2.65, 2.70, 2.65, 2.65, 8500
04/11/17, 2.85, 2.90, 2.70, 2.85, 4500
04/10/17, 2.70, 2.70, 2.70, 2.70, 1000
04/07/17, 2.65, 2.70, 2.65, 2.65, 2400
04/06/17, 2.65, 2.70, 2.60, 2.65, 1400
04/05/17, 2.50, 2.60, 2.50, 2.50, 5800
04/04/17, 2.60, 2.60, 2.60, 2.60, 2200
04/03/17, 2.85, 3.00, 2.75, 2.85, 1400
03/31/17, 3.00, 3.00, 3.00, 3.00, 100000
03/30/17, 3.10, 3.25, 3.00, 3.10, 900
03/29/17, 3.20, 3.25, 3.00, 3.20, 1700
03/28/17, 3.00, 3.05, 3.00, 3.00, 3000
03/27/17, 3.00, 3.30, 3.00, 3.00, 11600
03/24/17, 3.00, 3.00, 3.00, 3.00, 308500
03/23/17, 3.00, 3.00, 2.80, 3.00, 31400
03/22/17, 2.80, 2.80, 2.80, 2.80, 2000
03/21/17, 3.00, 3.00, 3.00, 3.00, 50600
03/20/17, 2.95, 2.95, 2.95, 2.95, 3200
03/16/17, 2.80, 2.95, 2.70, 2.80, 4200
03/15/17, 2.90, 3.05, 2.70, 2.90, 16900
03/14/17, 2.85, 2.85, 2.85, 2.85, 400
03/13/17, 2.80, 2.80, 2.80, 2.80, 2800
03/09/17, 2.80, 2.95, 2.80, 2.80, 21600
03/08/17, 3.05, 3.05, 3.05, 3.05, 600
03/03/17, 2.80, 2.80, 2.80, 2.80, 100
03/02/17, 2.80, 2.85, 2.80, 2.80, 14200
03/01/17, 2.80, 2.80, 2.80, 2.80, 12400
02/28/17, 2.80, 3.00, 2.80, 2.80, 1900
02/27/17, 2.80, 2.90, 2.80, 2.80, 22300
02/24/17, 2.75, 2.75, 2.75, 2.75, 1200
02/23/17, 2.70, 2.70, 2.70, 2.70, 300
02/22/17, 2.70, 2.80, 2.65, 2.70, 1900
02/21/17, 2.85, 2.90, 2.80, 2.85, 1000
02/20/17, 2.65, 2.65, 2.65, 2.65, 2100
02/17/17, 2.65, 2.65, 2.65, 2.65, 300
02/16/17, 2.65, 2.65, 2.65, 2.65, 300
02/15/17, 2.60, 2.65, 2.60, 2.60, 4100
02/14/17, 2.70, 2.70, 2.70, 2.70, 600
02/10/17, 2.70, 2.70, 2.70, 2.70, 1100
02/09/17, 2.70, 2.70, 2.70, 2.70, 1300
02/08/17, 2.75, 2.80, 2.65, 2.75, 600
02/07/17, 2.70, 2.70, 2.70, 2.70, 500
02/06/17, 2.80, 2.80, 2.80, 2.80, 21600
02/03/17, 2.80, 2.90, 2.80, 2.80, 1800
02/02/17, 2.90, 2.90, 2.90, 2.90, 400
02/01/17, 2.90, 2.90, 2.90, 2.90, 700
01/31/17, 2.65, 2.80, 2.65, 2.65, 1700
01/30/17, 2.65, 2.80, 2.65, 2.65, 2000
01/27/17, 2.80, 2.90, 2.75, 2.80, 500
01/26/17, 2.75, 2.80, 2.75, 2.75, 9000
01/25/17, 2.85, 2.85, 2.85, 2.85, 2000
01/24/17, 2.75, 2.85, 2.75, 2.75, 10600
01/23/17, 2.75, 2.85, 2.75, 2.75, 600
01/19/17, 2.80, 2.85, 2.80, 2.80, 1900
01/17/17, 2.80, 2.85, 2.80, 2.80, 2100
01/16/17, 2.85, 2.95, 2.80, 2.85, 2200
01/13/17, 2.70, 2.80, 2.60, 2.70, 11300
01/12/17, 2.85, 2.85, 2.85, 2.85, 400
01/11/17, 2.80, 2.85, 2.80, 2.80, 8100
01/10/17, 2.75, 2.80, 2.60, 2.75, 3400
01/09/17, 2.80, 2.95, 2.80, 2.80, 14300
01/06/17, 2.95, 2.95, 2.95, 2.95, 1000
01/05/17, 2.95, 3.00, 2.90, 2.95, 22400
01/04/17, 2.80, 3.00, 2.80, 2.80, 900
01/03/17, 2.80, 3.00, 2.80, 2.80, 14400
12/30/16, 2.80, 2.80, 2.80, 2.80, 200
12/29/16, 2.80, 2.90, 2.80, 2.80, 3900
12/28/16, 2.80, 2.80, 2.80, 2.80, 200
12/23/16, 2.90, 2.90, 2.90, 2.90, 900
12/22/16, 2.80, 2.80, 2.80, 2.80, 200
12/21/16, 2.80, 2.80, 2.80, 2.80, 2400
12/20/16, 2.80, 2.95, 2.75, 2.80, 1500
12/19/16, 2.90, 2.95, 2.75, 2.90, 8700
12/16/16, 2.85, 2.85, 2.85, 2.85, 100
12/15/16, 2.95, 2.95, 2.95, 2.95, 1500
12/14/16, 2.80, 2.80, 2.80, 2.80, 2000
12/13/16, 3.00, 3.00, 2.95, 3.00, 8600
12/09/16, 2.95, 3.00, 2.95, 2.95, 1900
12/08/16, 2.80, 2.95, 2.80, 2.80, 10800
12/07/16, 3.00, 3.00, 3.00, 3.00, 35000
12/06/16, 2.95, 2.95, 2.95, 2.95, 100
12/05/16, 2.95, 2.95, 2.80, 2.95, 19600
12/02/16, 2.85, 2.95, 2.80, 2.85, 300
12/01/16, 2.95, 3.00, 2.80, 2.95, 3300
11/30/16, 2.80, 2.80, 2.80, 2.80, 12100
11/29/16, 2.80, 3.00, 2.80, 2.80, 9100
11/25/16, 2.80, 3.00, 2.80, 2.80, 7900
11/24/16, 2.80, 2.80, 2.80, 2.80, 29700
11/23/16, 2.70, 2.80, 2.70, 2.70, 10200
11/22/16, 2.85, 2.90, 2.80, 2.85, 1200
11/21/16, 2.90, 2.90, 2.80, 2.90, 483500
11/18/16, 3.00, 3.10, 2.80, 3.00, 501900
11/16/16, 2.90, 3.00, 2.85, 2.90, 3300
11/15/16, 3.00, 3.10, 2.80, 3.00, 22100
11/14/16, 2.90, 3.00, 2.90, 2.90, 2600
11/11/16, 3.00, 3.20, 2.90, 3.00, 400
11/10/16, 3.00, 3.05, 3.00, 3.00, 52300
11/09/16, 3.00, 3.00, 3.00, 3.00, 15700
11/08/16, 3.00, 3.00, 3.00, 3.00, 1400
11/07/16, 2.90, 2.95, 2.90, 2.90, 1200
11/04/16, 2.90, 2.95, 2.75, 2.90, 63800
11/03/16, 2.85, 2.95, 2.70, 2.85, 3400
11/02/16, 2.75, 2.80, 2.70, 2.75, 2600
11/01/16, 2.70, 2.75, 2.70, 2.70, 1100
10/31/16, 2.80, 2.80, 2.80, 2.80, 200
10/28/16, 2.75, 2.75, 2.75, 2.75, 100
10/27/16, 2.50, 2.75, 2.50, 2.50, 812900
10/26/16, 2.50, 2.50, 2.50, 2.50, 1000
10/25/16, 2.45, 2.70, 2.40, 2.45, 179900
10/24/16, 2.60, 2.70, 2.45, 2.60, 5300
10/21/16, 2.60, 2.80, 2.45, 2.60, 17100
10/19/16, 2.55, 2.80, 2.45, 2.55, 44800
10/18/16, 2.55, 2.70, 2.55, 2.55, 54900
10/17/16, 2.80, 2.85, 2.60, 2.80, 10300
10/14/16, 2.65, 2.70, 2.60, 2.65, 1600
10/13/16, 2.85, 3.20, 2.80, 2.85, 19400
10/12/16, 2.95, 3.00, 2.75, 2.95, 2200
10/11/16, 2.75, 2.85, 2.75, 2.75, 3100
10/07/16, 3.05, 3.10, 3.05, 3.05, 1500
10/05/16, 3.20, 3.20, 3.20, 3.20, 2000
10/04/16, 3.00, 3.20, 3.00, 3.00, 1500
10/03/16, 3.00, 3.20, 3.00, 3.00, 2900
09/30/16, 2.95, 3.20, 2.95, 2.95, 3300
09/29/16, 2.95, 3.00, 2.85, 2.95, 29900
09/28/16, 2.95, 3.00, 2.75, 2.95, 29200
09/27/16, 2.80, 3.00, 2.80, 2.80, 1600
09/26/16, 2.75, 2.75, 2.75, 2.75, 600
09/22/16, 2.50, 2.55, 2.45, 2.50, 1400
09/20/16, 2.40, 2.40, 2.40, 2.40, 44400
09/19/16, 2.55, 2.70, 2.50, 2.55, 10900
09/16/16, 2.70, 2.95, 2.70, 2.70, 3400
09/15/16, 2.70, 2.70, 2.70, 2.70, 300
09/14/16, 2.55, 2.60, 2.45, 2.55, 700
09/13/16, 2.40, 2.60, 2.40, 2.40, 5100
09/09/16, 2.40, 2.40, 2.40, 2.40, 1000
09/08/16, 2.30, 2.35, 2.25, 2.30, 4500
09/07/16, 2.40, 2.70, 2.40, 2.40, 2000
09/06/16, 2.55, 2.70, 2.40, 2.55, 1200
09/05/16, 2.60, 2.80, 2.60, 2.60, 3000
09/02/16, 2.80, 2.90, 2.70, 2.80, 4600
09/01/16, 3.00, 3.10, 2.90, 3.00, 74500
08/31/16, 3.10, 3.30, 3.10, 3.10, 11500
08/26/16, 3.00, 3.15, 3.00, 3.00, 17600
08/25/16, 3.20, 3.30, 3.15, 3.20, 4100
08/24/16, 3.15, 3.15, 3.15, 3.15, 9600
08/23/16, 3.15, 3.20, 3.15, 3.15, 2600
08/22/16, 3.15, 3.20, 3.15, 3.15, 1300
08/19/16, 3.15, 3.20, 3.15, 3.15, 1800
08/18/16, 3.20, 3.40, 3.20, 3.20, 1300
08/16/16, 3.15, 3.20, 3.15, 3.15, 19000
08/15/16, 3.10, 3.15, 3.05, 3.10, 2200
08/12/16, 3.05, 3.10, 3.05, 3.05, 2800
08/11/16, 3.10, 3.10, 3.10, 3.10, 900
08/10/16, 3.05, 3.20, 3.00, 3.05, 600
08/09/16, 3.00, 3.00, 3.00, 3.00, 10000
08/08/16, 3.05, 3.10, 3.00, 3.05, 4700
08/05/16, 3.25, 3.40, 3.00, 3.25, 12900
08/04/16, 3.30, 3.40, 3.30, 3.30, 1300
08/03/16, 3.20, 3.20, 3.10, 3.20, 10200
08/02/16, 3.10, 3.10, 3.10, 3.10, 1000
08/01/16, 3.15, 3.30, 3.00, 3.15, 2700
07/29/16, 3.10, 3.10, 3.10, 3.10, 21300
07/28/16, 2.90, 3.10, 2.90, 2.90, 11200
07/26/16, 2.85, 3.00, 2.85, 2.85, 41300
07/25/16, 2.85, 3.00, 2.85, 2.85, 16600
07/22/16, 3.00, 3.00, 3.00, 3.00, 2000
07/21/16, 2.80, 3.00, 2.75, 2.80, 76500
07/20/16, 2.75, 2.75, 2.70, 2.75, 6200
07/19/16, 2.75, 2.75, 2.70, 2.75, 50100
07/18/16, 2.75, 2.80, 2.70, 2.75, 19100
07/15/16, 2.80, 2.80, 2.75, 2.80, 4600
07/14/16, 2.80, 2.80, 2.80, 2.80, 500
07/13/16, 2.75, 2.80, 2.70, 2.75, 17000
07/12/16, 2.70, 2.80, 2.65, 2.70, 124300
07/11/16, 2.80, 2.85, 2.75, 2.80, 11900
07/06/16, 2.75, 2.80, 2.75, 2.75, 300
07/05/16, 2.75, 2.80, 2.70, 2.75, 1100
07/04/16, 2.70, 2.70, 2.70, 2.70, 33200
07/01/16, 2.70, 2.75, 2.70, 2.70, 85800
06/30/16, 2.75, 2.80, 2.70, 2.75, 3300
06/29/16, 2.75, 2.80, 2.70, 2.75, 3600
06/28/16, 2.75, 2.80, 2.70, 2.75, 25700
06/27/16, 2.80, 2.80, 2.80, 2.80, 200
06/24/16, 2.80, 2.85, 2.80, 2.80, 45400
06/23/16, 2.85, 3.00, 2.70, 2.85, 28200
06/22/16, 2.95, 2.95, 2.95, 2.95, 500
06/21/16, 2.95, 3.00, 2.90, 2.95, 4800
06/20/16, 2.90, 2.95, 2.90, 2.90, 400
06/17/16, 2.95, 3.00, 2.90, 2.95, 15600
06/16/16, 2.95, 2.95, 2.90, 2.95, 56600
06/15/16, 2.90, 2.95, 2.90, 2.90, 12000
06/14/16, 2.95, 2.95, 2.95, 2.95, 16600
06/13/16, 2.95, 3.00, 2.95, 2.95, 7900
06/10/16, 2.90, 3.00, 2.90, 2.90, 10300
06/09/16, 2.95, 2.95, 2.95, 2.95, 3800
06/08/16, 2.95, 3.10, 2.90, 2.95, 18000
06/07/16, 3.00, 3.15, 3.00, 3.00, 10100
06/06/16, 3.00, 3.15, 3.00, 3.00, 3600
06/03/16, 3.00, 3.10, 3.00, 3.00, 3700
06/02/16, 3.00, 3.20, 3.00, 3.00, 6900
05/31/16, 3.00, 3.00, 3.00, 3.00, 1000
05/30/16, 3.00, 3.20, 3.00, 3.00, 2600
05/27/16, 2.95, 3.00, 2.80, 2.95, 2200
05/26/16, 3.00, 3.05, 3.00, 3.00, 4900
05/25/16, 3.05, 3.30, 3.00, 3.05, 2000
05/24/16, 3.00, 3.00, 3.00, 3.00, 100
05/23/16, 3.20, 3.40, 3.20, 3.20, 1700
05/20/16, 3.25, 3.25, 3.25, 3.25, 300
05/19/16, 3.30, 3.35, 3.20, 3.30, 43000
05/18/16, 3.35, 3.40, 3.30, 3.35, 3200
05/17/16, 3.30, 3.40, 3.30, 3.30, 11500
05/16/16, 3.30, 3.35, 3.30, 3.30, 1000
05/13/16, 3.40, 3.40, 3.40, 3.40, 4700
05/12/16, 3.30, 3.40, 3.20, 3.30, 5300
05/11/16, 3.20, 3.25, 3.20, 3.20, 500
05/10/16, 3.30, 3.40, 3.30, 3.30, 2000
05/09/16, 3.35, 3.45, 3.30, 3.35, 2400
05/06/16, 3.30, 3.30, 3.30, 3.30, 85800
05/05/16, 3.25, 3.30, 3.10, 3.25, 38800
05/04/16, 3.25, 3.30, 3.25, 3.25, 1600
05/03/16, 3.25, 3.30, 3.25, 3.25, 1300
04/28/16, 3.15, 3.25, 3.10, 3.15, 1800
04/27/16, 3.20, 3.20, 3.20, 3.20, 12900
04/26/16, 3.20, 3.25, 3.15, 3.20, 400
04/25/16, 3.00, 3.25, 3.00, 3.00, 78300
04/22/16, 3.15, 3.30, 3.00, 3.15, 153000
04/21/16, 3.15, 3.30, 3.10, 3.15, 77800
04/20/16, 3.30, 3.45, 3.20, 3.30, 85800
04/19/16, 3.30, 3.30, 3.30, 3.30, 17200
04/18/16, 3.30, 3.45, 3.30, 3.30, 34100
04/15/16, 3.25, 3.30, 3.20, 3.25, 1400
04/14/16, 3.30, 3.50, 3.30, 3.30, 21200
04/13/16, 3.30, 3.45, 3.30, 3.30, 4600
04/12/16, 3.35, 3.60, 3.30, 3.35, 16500
04/11/16, 3.35, 3.55, 3.30, 3.35, 26900
04/08/16, 3.35, 3.70, 3.30, 3.35, 38700
04/06/16, 3.50, 3.50, 3.50, 3.50, 5500
04/05/16, 3.40, 3.65, 3.40, 3.40, 3800
04/04/16, 3.40, 3.60, 3.35, 3.40, 7000
04/01/16, 3.45, 3.60, 3.35, 3.45, 6500
03/31/16, 3.60, 3.80, 3.60, 3.60, 7200
03/30/16, 3.60, 3.80, 3.55, 3.60, 22800
03/29/16, 3.70, 3.80, 3.50, 3.70, 7100
03/24/16, 3.80, 3.80, 3.80, 3.80, 2100
03/23/16, 3.75, 3.80, 3.75, 3.75, 18800
03/22/16, 3.75, 3.80, 3.75, 3.75, 9300
03/21/16, 3.75, 3.85, 3.65, 3.75, 6800
03/18/16, 3.80, 3.85, 3.75, 3.80, 2100
03/17/16, 3.75, 3.85, 3.60, 3.75, 1300
03/16/16, 3.70, 3.85, 3.65, 3.70, 1600
03/15/16, 3.75, 3.85, 3.70, 3.75, 47500
03/14/16, 3.80, 3.85, 3.70, 3.80, 16500
03/11/16, 3.55, 3.90, 3.50, 3.55, 21400
03/10/16, 3.80, 3.90, 3.70, 3.80, 20300
03/09/16, 3.85, 3.85, 3.85, 3.85, 2000
03/08/16, 3.70, 3.75, 3.70, 3.70, 44800
03/07/16, 3.80, 3.85, 3.60, 3.80, 113900
03/04/16, 3.85, 3.85, 3.80, 3.85, 31800
03/03/16, 3.55, 3.55, 3.55, 3.55, 3200
03/02/16, 3.55, 3.60, 3.50, 3.55, 2900
03/01/16, 3.50, 3.85, 3.50, 3.50, 107400
02/29/16, 3.50, 3.50, 3.45, 3.50, 104500
02/26/16, 3.45, 3.70, 3.30, 3.45, 29000
02/25/16, 3.40, 3.75, 3.30, 3.40, 38400
02/24/16, 3.50, 3.75, 3.50, 3.50, 51200
02/23/16, 3.55, 3.65, 3.55, 3.55, 5300
02/22/16, 3.65, 3.75, 3.55, 3.65, 6500
02/19/16, 3.80, 3.90, 3.60, 3.80, 2200
02/18/16, 3.75, 3.75, 3.50, 3.75, 1287400
02/17/16, 3.55, 3.85, 3.50, 3.55, 88200
02/16/16, 3.70, 3.85, 3.60, 3.70, 34800
02/15/16, 3.55, 3.70, 3.55, 3.55, 17700
02/12/16, 3.50, 3.80, 3.45, 3.50, 25600
02/11/16, 3.75, 3.80, 3.70, 3.75, 2400
02/10/16, 3.85, 4.00, 3.85, 3.85, 800
02/09/16, 3.85, 3.90, 3.80, 3.85, 2600
02/08/16, 3.80, 3.95, 3.65, 3.80, 33400
02/05/16, 3.85, 3.90, 3.80, 3.85, 4600
02/04/16, 3.70, 3.95, 3.70, 3.70, 57000
02/03/16, 3.75, 3.80, 3.70, 3.75, 9700
02/02/16, 3.80, 4.00, 3.80, 3.80, 26300
02/01/16, 4.00, 4.00, 4.00, 4.00, 400
01/29/16, 3.90, 4.00, 3.70, 3.90, 9700
01/28/16, 3.90, 4.00, 3.90, 3.90, 24500
01/27/16, 3.90, 3.90, 3.90, 3.90, 500
01/26/16, 3.90, 3.90, 3.90, 3.90, 2700
01/25/16, 3.90, 3.95, 3.60, 3.90, 2800
01/22/16, 3.60, 3.60, 3.60, 3.60, 400
01/21/16, 3.55, 3.65, 3.55, 3.55, 1600
01/20/16, 3.70, 3.95, 3.50, 3.70, 2600
01/19/16, 3.65, 3.80, 3.60, 3.65, 1300
01/18/16, 3.60, 3.90, 3.60, 3.60, 6000
01/15/16, 3.60, 3.80, 3.60, 3.60, 11900
01/14/16, 3.85, 3.90, 3.80, 3.85, 1100
01/13/16, 3.80, 3.85, 3.80, 3.80, 26000
01/12/16, 3.85, 3.85, 3.85, 3.85, 600
01/11/16, 3.80, 3.85, 3.80, 3.80, 18600
01/08/16, 3.85, 3.85, 3.85, 3.85, 8600
01/07/16, 3.85, 4.00, 3.85, 3.85, 3200
01/06/16, 3.95, 4.40, 3.80, 3.95, 71100
01/05/16, 4.00, 4.05, 4.00, 4.00, 5200
01/04/16, 3.75, 3.80, 3.70, 3.75, 4000
12/30/15, 3.75, 3.80, 3.70, 3.75, 7600
12/29/15, 4.00, 4.20, 3.70, 4.00, 11500
12/28/15, 4.00, 4.05, 4.00, 4.00, 3700
12/24/15, 3.70, 3.70, 3.70, 3.70, 500
12/23/15, 3.85, 3.95, 3.70, 3.85, 4100
12/22/15, 3.95, 3.95, 3.95, 3.95, 900
12/21/15, 3.70, 3.95, 3.70, 3.70, 19600
12/18/15, 4.00, 4.00, 4.00, 4.00, 600
12/17/15, 4.00, 4.00, 4.00, 4.00, 200
12/16/15, 3.85, 3.90, 3.70, 3.85, 1600
12/15/15, 3.75, 3.90, 3.70, 3.75, 2000
12/14/15, 3.60, 3.90, 3.55, 3.60, 2600
12/11/15, 3.55, 3.70, 3.55, 3.55, 1800
12/10/15, 3.90, 3.95, 3.90, 3.90, 1700
12/09/15, 3.90, 3.90, 3.90, 3.90, 2700
12/08/15, 3.90, 4.00, 3.70, 3.90, 5800
12/07/15, 3.70, 3.70, 3.70, 3.70, 3400
12/04/15, 3.55, 3.70, 3.55, 3.55, 81700
12/03/15, 3.60, 3.65, 3.60, 3.60, 12600
12/02/15, 3.70, 3.90, 3.60, 3.70, 2600
12/01/15, 3.65, 3.65, 3.65, 3.65, 200
11/30/15, 3.50, 3.60, 3.50, 3.50, 1100
11/27/15, 3.50, 3.75, 3.50, 3.50, 1000
11/25/15, 3.55, 3.55, 3.55, 3.55, 2400
11/24/15, 3.55, 3.55, 3.55, 3.55, 3100
11/23/15, 3.75, 3.90, 3.55, 3.75, 217100
11/20/15, 3.55, 3.60, 3.50, 3.55, 124300
11/19/15, 3.50, 3.55, 3.40, 3.50, 19000
11/18/15, 3.55, 3.55, 3.50, 3.55, 6600
11/17/15, 3.50, 3.55, 3.50, 3.50, 2800
11/16/15, 3.50, 3.55, 3.40, 3.50, 3500
11/13/15, 3.40, 3.50, 3.40, 3.40, 42100
11/12/15, 3.55, 3.55, 3.55, 3.55, 2000
11/11/15, 3.45, 3.45, 3.40, 3.45, 662600
11/10/15, 3.35, 3.40, 3.35, 3.35, 5800
11/09/15, 3.35, 3.50, 3.35, 3.35, 5700
11/06/15, 3.35, 3.80, 3.35, 3.35, 1223500
11/05/15, 3.70, 3.80, 3.60, 3.70, 3100
11/04/15, 3.75, 3.80, 3.60, 3.75, 500
11/03/15, 3.65, 3.70, 3.50, 3.65, 1800
11/02/15, 3.50, 3.50, 3.50, 3.50, 3200
10/30/15, 3.55, 3.60, 3.45, 3.55, 4800
10/29/15, 3.45, 3.60, 3.40, 3.45, 3200
10/28/15, 3.45, 3.55, 3.40, 3.45, 2600
10/27/15, 3.45, 3.55, 3.40, 3.45, 4500
10/26/15, 3.55, 3.55, 3.55, 3.55, 5000
10/23/15, 3.55, 3.60, 3.55, 3.55, 9500
10/22/15, 3.55, 3.60, 3.55, 3.55, 400
10/21/15, 3.50, 3.55, 3.50, 3.50, 2100
10/19/15, 3.50, 3.50, 3.50, 3.50, 11900
10/16/15, 3.50, 3.60, 3.40, 3.50, 24500
10/15/15, 3.60, 3.80, 3.60, 3.60, 64100
10/14/15, 3.65, 3.70, 3.60, 3.65, 4400
10/13/15, 3.80, 3.90, 3.80, 3.80, 17200
10/12/15, 3.90, 3.95, 3.90, 3.90, 2400
10/09/15, 3.85, 3.95, 3.65, 3.85, 16400
10/08/15, 3.90, 3.90, 3.90, 3.90, 1300
10/07/15, 3.90, 4.05, 3.85, 3.90, 23400
10/06/15, 4.10, 4.10, 4.10, 4.10, 1400
10/05/15, 4.00, 4.10, 4.00, 4.00, 4700
10/02/15, 4.05, 4.20, 4.00, 4.05, 4300
10/01/15, 4.00, 4.05, 4.00, 4.00, 7000
09/30/15, 4.10, 4.10, 4.10, 4.10, 2900
09/29/15, 4.05, 4.10, 4.05, 4.05, 22700
09/28/15, 4.05, 4.30, 4.00, 4.05, 35100
09/25/15, 4.10, 4.25, 4.00, 4.10, 41900
09/24/15, 4.00, 4.30, 4.00, 4.00, 37400
09/23/15, 4.00, 4.25, 4.00, 4.00, 70700
09/22/15, 4.15, 4.30, 4.05, 4.15, 17700
09/21/15, 4.15, 4.20, 4.10, 4.15, 7800
09/18/15, 4.25, 4.25, 4.25, 4.25, 2600
09/17/15, 4.10, 4.25, 4.05, 4.10, 4400
09/16/15, 4.25, 4.30, 4.25, 4.25, 18800
09/15/15, 4.30, 4.30, 4.30, 4.30, 13500
09/14/15, 4.30, 4.30, 4.30, 4.30, 6000
09/11/15, 4.25, 4.25, 4.20, 4.25, 4300
09/10/15, 4.30, 4.50, 4.25, 4.30, 8300
09/09/15, 4.30, 4.30, 4.30, 4.30, 3000
09/08/15, 4.15, 4.20, 4.10, 4.15, 2600
09/07/15, 4.10, 4.50, 4.10, 4.10, 6000
09/04/15, 4.25, 4.30, 4.05, 4.25, 19300
09/03/15, 4.05, 4.10, 4.05, 4.05, 23300
09/02/15, 4.05, 4.05, 4.05, 4.05, 2600
09/01/15, 4.35, 4.40, 4.30, 4.35, 32500
08/31/15, 4.05, 4.05, 4.05, 4.05, 2200
08/28/15, 4.05, 4.05, 4.05, 4.05, 100
08/27/15, 4.40, 4.45, 4.40, 4.40, 1800
08/26/15, 4.05, 4.20, 4.05, 4.05, 27900
08/25/15, 4.05, 4.20, 4.00, 4.05, 24300
08/24/15, 4.35, 4.60, 4.20, 4.35, 800
08/21/15, 4.20, 4.20, 4.20, 4.20, 100
08/20/15, 4.55, 4.60, 4.30, 4.55, 51100
08/19/15, 4.60, 4.70, 4.60, 4.60, 4800
08/18/15, 4.65, 4.70, 4.60, 4.65, 7100
08/17/15, 4.80, 4.80, 4.80, 4.80, 6000
08/14/15, 4.75, 4.80, 4.60, 4.75, 6800
08/13/15, 4.75, 4.95, 4.60, 4.75, 2600
08/12/15, 4.90, 4.95, 4.80, 4.90, 1800
08/11/15, 4.90, 4.95, 4.65, 4.90, 5200
08/10/15, 4.60, 4.95, 4.60, 4.60, 4600
08/07/15, 4.60, 4.90, 4.50, 4.60, 10500
08/06/15, 4.95, 5.00, 4.90, 4.95, 5100
08/05/15, 4.90, 4.95, 4.90, 4.90, 1200
08/03/15, 4.50, 5.00, 4.50, 4.50, 41100
07/31/15, 4.90, 5.00, 4.85, 4.90, 2200
07/30/15, 4.90, 5.00, 4.85, 4.90, 1000
07/29/15, 4.85, 4.90, 4.85, 4.85, 5200
07/28/15, 5.05, 5.10, 4.90, 5.05, 1000
07/27/15, 4.85, 5.05, 4.85, 4.85, 4400
07/24/15, 5.05, 5.20, 5.05, 5.05, 10000
07/23/15, 5.00, 5.20, 5.00, 5.00, 12700
07/22/15, 5.05, 5.50, 5.00, 5.05, 5000
07/21/15, 5.05, 5.50, 5.00, 5.05, 6500
07/20/15, 5.10, 5.20, 5.00, 5.10, 5400
07/17/15, 5.10, 5.20, 5.10, 5.10, 5900
07/16/15, 5.10, 5.20, 5.10, 5.10, 11900
07/15/15, 5.20, 5.45, 5.00, 5.20, 32000
07/14/15, 5.05, 5.10, 5.05, 5.05, 7100
07/13/15, 5.00, 5.05, 5.00, 5.00, 22900
07/09/15, 4.95, 5.00, 4.90, 4.95, 23900
07/08/15, 5.05, 5.20, 5.00, 5.05, 15600
07/07/15, 5.00, 5.15, 5.00, 5.00, 20200
07/06/15, 5.00, 5.20, 4.85, 5.00, 13100
07/03/15, 5.10, 5.10, 5.10, 5.10, 100
07/02/15, 5.00, 5.20, 5.00, 5.00, 112200
07/01/15, 5.05, 5.20, 5.00, 5.05, 3800
06/30/15, 5.05, 5.20, 5.00, 5.05, 3800
06/29/15, 5.05, 5.20, 5.00, 5.05, 1700
06/26/15, 5.00, 5.20, 4.95, 5.00, 291600
06/25/15, 5.00, 5.05, 5.00, 5.00, 6300
06/24/15, 5.10, 5.15, 5.10, 5.10, 3200
06/23/15, 5.20, 5.25, 5.10, 5.20, 4400
06/22/15, 5.20, 5.40, 4.95, 5.20, 17100
06/19/15, 5.10, 5.30, 5.00, 5.10, 4400
06/18/15, 5.25, 5.40, 5.00, 5.25, 311800
06/17/15, 5.00, 5.15, 5.00, 5.00, 44800
06/16/15, 5.05, 5.40, 5.00, 5.05, 35400
06/15/15, 5.15, 5.40, 5.00, 5.15, 4500
06/12/15, 5.50, 5.50, 5.50, 5.50, 400
06/11/15, 5.35, 5.40, 5.05, 5.35, 1100
06/10/15, 5.40, 5.55, 5.20, 5.40, 28900
06/09/15, 5.35, 5.50, 4.85, 5.35, 72800
06/08/15, 5.20, 5.35, 5.15, 5.20, 11800
06/05/15, 5.15, 5.25, 5.05, 5.15, 21800
06/04/15, 5.15, 5.30, 4.90, 5.15, 3600
06/03/15, 4.85, 5.10, 4.80, 4.85, 6700
06/02/15, 4.80, 5.10, 4.75, 4.80, 16100
05/29/15, 5.10, 5.20, 4.85, 5.10, 3700
05/28/15, 5.05, 5.25, 4.85, 5.05, 16300
05/27/15, 5.25, 5.35, 5.20, 5.25, 1600
05/25/15, 5.50, 5.75, 5.30, 5.50, 11100
05/22/15, 5.30, 5.30, 5.20, 5.30, 22000
05/21/15, 4.85, 4.85, 4.85, 4.85, 400
05/20/15, 4.80, 5.20, 4.70, 4.80, 99000
05/19/15, 4.75, 5.35, 4.65, 4.75, 317300
05/18/15, 5.15, 5.45, 4.90, 5.15, 9700
05/15/15, 5.20, 5.45, 5.20, 5.20, 4000
05/14/15, 5.40, 5.60, 5.00, 5.40, 32900
05/13/15, 5.15, 5.50, 5.00, 5.15, 40500
05/12/15, 5.40, 5.50, 5.25, 5.40, 56600
05/11/15, 5.40, 5.50, 5.40, 5.40, 8000
05/08/15, 5.25, 5.60, 5.25, 5.25, 6800
05/07/15, 5.40, 5.50, 5.25, 5.40, 5700
05/06/15, 5.30, 5.40, 5.20, 5.30, 7600
05/05/15, 5.40, 5.50, 5.40, 5.40, 9100
05/04/15, 5.40, 5.55, 5.20, 5.40, 10500
04/30/15, 5.55, 5.70, 5.20, 5.55, 35800
04/29/15, 5.75, 5.80, 5.60, 5.75, 1500
04/28/15, 5.70, 5.70, 5.70, 5.70, 3400
04/27/15, 5.30, 5.80, 5.20, 5.30, 2800
04/24/15, 5.70, 5.75, 5.45, 5.70, 51500
04/23/15, 5.45, 5.50, 5.20, 5.45, 16800
04/22/15, 5.45, 5.65, 5.25, 5.45, 1300
04/21/15, 5.65, 5.80, 5.65, 5.65, 11700
04/20/15, 5.65, 6.00, 5.60, 5.65, 8100
04/17/15, 5.85, 6.00, 5.50, 5.85, 80600
04/16/15, 5.55, 5.75, 5.40, 5.55, 9800
04/15/15, 5.30, 5.75, 5.20, 5.30, 6600
04/14/15, 5.25, 5.50, 5.20, 5.25, 1100
04/13/15, 5.50, 5.65, 5.35, 5.50, 44300
04/10/15, 5.50, 5.65, 5.50, 5.50, 800
04/09/15, 5.60, 5.65, 5.50, 5.60, 33900
04/08/15, 5.55, 5.75, 5.20, 5.55, 31300
04/07/15, 5.75, 5.80, 5.65, 5.75, 6100
04/02/15, 5.65, 5.95, 5.60, 5.65, 35400
04/01/15, 5.50, 5.60, 5.50, 5.50, 34400
03/31/15, 5.55, 5.75, 5.50, 5.55, 8200
03/30/15, 5.55, 5.75, 5.40, 5.55, 134500
03/27/15, 5.65, 6.00, 5.50, 5.65, 26200
03/26/15, 5.75, 6.00, 5.50, 5.75, 41700
03/25/15, 6.20, 6.40, 6.00, 6.20, 14500
03/24/15, 6.20, 6.40, 6.10, 6.20, 10800
03/23/15, 6.40, 6.40, 6.40, 6.40, 2100
03/20/15, 6.40, 6.50, 6.30, 6.40, 32700
03/19/15, 6.45, 6.75, 6.30, 6.45, 14300
03/18/15, 6.30, 6.80, 6.25, 6.30, 30600
03/17/15, 6.85, 7.00, 6.30, 6.85, 218500
03/16/15, 6.55, 6.70, 6.20, 6.55, 145700
03/13/15, 6.20, 6.35, 6.15, 6.20, 48000
03/12/15, 6.35, 6.45, 6.20, 6.35, 46800
03/11/15, 6.40, 6.45, 6.20, 6.40, 35800
03/10/15, 6.25, 6.45, 6.25, 6.25, 59500
03/09/15, 6.45, 6.50, 6.20, 6.45, 18000
03/06/15, 6.45, 6.50, 6.40, 6.45, 19800
03/05/15, 6.20, 6.60, 6.20, 6.20, 21500
03/04/15, 6.45, 6.65, 6.20, 6.45, 12400
03/03/15, 6.40, 6.50, 6.25, 6.40, 56900
03/02/15, 6.20, 6.20, 6.20, 6.20, 1000
02/27/15, 6.20, 6.60, 6.20, 6.20, 32200
02/26/15, 6.50, 6.55, 6.40, 6.50, 31600
02/25/15, 6.40, 6.45, 6.20, 6.40, 19500
02/24/15, 6.45, 6.65, 6.20, 6.45, 103900
02/23/15, 6.25, 6.75, 6.25, 6.25, 150000
02/20/15, 6.50, 6.50, 6.50, 6.50, 7700
02/19/15, 6.60, 6.65, 6.50, 6.60, 24600
02/18/15, 6.50, 6.70, 6.50, 6.50, 10600
02/17/15, 6.45, 6.65, 6.20, 6.45, 5800
02/16/15, 6.55, 6.60, 6.40, 6.55, 11200
02/13/15, 6.65, 6.80, 6.40, 6.65, 60900
02/12/15, 6.60, 6.70, 6.50, 6.60, 10700
02/11/15, 6.50, 6.70, 6.20, 6.50, 13900
02/10/15, 6.50, 6.50, 6.30, 6.50, 362100
02/09/15, 6.45, 6.50, 6.25, 6.45, 91400
02/06/15, 6.15, 6.40, 6.05, 6.15, 61900
02/05/15, 6.30, 6.30, 6.30, 6.30, 200
02/04/15, 6.30, 6.50, 6.25, 6.30, 4400
02/03/15, 6.25, 6.45, 6.00, 6.25, 14700
02/02/15, 6.25, 6.50, 6.25, 6.25, 1800
01/30/15, 6.30, 6.50, 6.25, 6.30, 3700
01/29/15, 6.65, 6.75, 6.20, 6.65, 30500
01/28/15, 6.20, 6.40, 6.20, 6.20, 800
01/27/15, 6.30, 6.60, 6.25, 6.30, 2200
01/26/15, 6.20, 6.60, 6.00, 6.20, 21600
01/23/15, 6.05, 6.30, 6.05, 6.05, 34900
01/22/15, 6.20, 6.60, 6.20, 6.20, 19500
01/21/15, 6.10, 6.65, 6.00, 6.10, 54100
01/20/15, 6.55, 6.60, 6.45, 6.55, 18500
01/19/15, 6.60, 6.70, 6.30, 6.60, 15100
01/16/15, 6.55, 6.80, 6.30, 6.55, 12900
01/15/15, 6.45, 6.70, 6.30, 6.45, 64800
01/14/15, 6.35, 6.50, 6.30, 6.35, 2200
01/13/15, 6.30, 6.50, 6.10, 6.30, 30800
01/12/15, 6.20, 6.40, 6.10, 6.20, 10100
01/09/15, 6.35, 6.50, 6.15, 6.35, 3800
01/08/15, 6.40, 6.50, 6.15, 6.40, 6400
01/07/15, 6.50, 6.70, 6.00, 6.50, 10200
01/06/15, 6.10, 6.15, 6.10, 6.10, 3600
01/05/15, 6.10, 6.15, 6.10, 6.10, 3000
01/02/15, 6.00, 6.00, 6.00, 6.00, 1500
12/31/14, 6.00, 6.15, 6.00, 6.00, 3500
12/30/14, 6.00, 6.10, 5.85, 6.00, 9700
12/29/14, 6.05, 6.15, 6.00, 6.05, 12500
12/24/14, 6.15, 6.15, 6.15, 6.15, 4600
12/23/14, 6.15, 6.25, 6.15, 6.15, 5800
12/22/14, 6.20, 6.25, 6.15, 6.20, 52900
12/19/14, 6.15, 6.50, 6.10, 6.15, 16700
12/18/14, 6.15, 6.50, 6.10, 6.15, 28600
12/17/14, 6.10, 6.45, 6.05, 6.10, 5200
12/16/14, 5.90, 6.10, 5.90, 5.90, 15800
12/15/14, 6.00, 6.20, 6.00, 6.00, 4600
12/11/14, 6.05, 6.30, 6.00, 6.05, 34700
12/10/14, 5.80, 6.20, 5.75, 5.80, 214800
12/09/14, 6.20, 6.30, 6.20, 6.20, 4600
12/08/14, 6.25, 6.60, 6.25, 6.25, 2000
12/05/14, 6.25, 6.65, 6.20, 6.25, 94900
12/04/14, 6.25, 6.30, 6.25, 6.25, 36500
12/03/14, 6.30, 6.40, 6.30, 6.30, 11800
12/02/14, 6.35, 6.50, 6.35, 6.35, 42900
12/01/14, 6.40, 6.50, 6.35, 6.40, 9800
11/28/14, 6.25, 6.40, 6.10, 6.25, 79300
11/27/14, 6.30, 6.40, 6.30, 6.30, 68200
11/26/14, 6.30, 6.30, 6.30, 6.30, 17900
11/25/14, 6.50, 6.50, 6.50, 6.50, 3100
11/24/14, 6.75, 6.75, 6.20, 6.75, 217800
11/21/14, 6.50, 6.60, 6.20, 6.50, 45100
11/20/14, 6.20, 6.30, 6.05, 6.20, 93300
11/19/14, 6.20, 6.20, 6.20, 6.20, 11100
11/18/14, 6.25, 6.40, 6.10, 6.25, 10600
11/17/14, 6.40, 6.40, 6.40, 6.40, 1200
11/14/14, 6.10, 6.40, 6.10, 6.10, 24900
11/13/14, 6.20, 6.40, 6.20, 6.20, 7900
11/12/14, 6.05, 6.20, 6.00, 6.05, 26900
11/11/14, 6.30, 6.40, 6.10, 6.30, 6000
11/10/14, 6.30, 6.50, 6.10, 6.30, 1900
11/07/14, 6.45, 6.50, 6.40, 6.45, 1200
11/06/14, 6.50, 6.60, 6.40, 6.50, 1400
11/05/14, 6.80, 6.80, 6.80, 6.80, 100
11/04/14, 6.60, 6.80, 6.50, 6.60, 800
11/03/14, 6.40, 6.70, 6.20, 6.40, 28800
10/31/14, 6.50, 6.60, 6.25, 6.50, 6800
10/30/14, 6.10, 6.35, 6.00, 6.10, 85800
10/29/14, 6.35, 6.80, 6.20, 6.35, 95100
10/28/14, 6.45, 6.50, 6.40, 6.45, 7800
10/27/14, 6.50, 6.60, 6.40, 6.50, 30400
10/24/14, 6.60, 6.80, 6.55, 6.60, 23600
10/23/14, 6.60, 6.60, 6.55, 6.60, 15300
10/22/14, 6.60, 7.00, 6.55, 6.60, 94300
10/21/14, 6.55, 6.70, 6.50, 6.55, 1700
10/17/14, 6.50, 6.60, 6.50, 6.50, 19600
10/16/14, 6.50, 6.50, 6.40, 6.50, 25300
10/15/14, 6.55, 6.75, 6.40, 6.55, 21200
10/14/14, 6.80, 7.00, 6.50, 6.80, 148100
10/13/14, 6.80, 6.85, 6.50, 6.80, 90100
10/10/14, 6.80, 6.85, 6.40, 6.80, 73200
10/09/14, 6.50, 6.50, 6.40, 6.50, 50100
10/08/14, 6.50, 6.70, 6.40, 6.50, 23000
10/07/14, 6.55, 6.70, 6.35, 6.55, 29400
10/06/14, 6.50, 6.70, 6.50, 6.50, 16800
10/03/14, 6.70, 7.00, 6.55, 6.70, 13900
10/02/14, 6.70, 6.80, 6.30, 6.70, 110400
10/01/14, 6.80, 6.80, 6.70, 6.80, 43200
09/30/14, 6.80, 6.90, 6.50, 6.80, 66700
09/29/14, 6.50, 6.75, 6.50, 6.50, 266500
09/26/14, 6.85, 6.90, 6.75, 6.85, 107700
09/25/14, 6.90, 6.95, 6.80, 6.90, 112800
09/24/14, 6.70, 6.90, 6.30, 6.70, 15700
09/23/14, 6.95, 7.10, 6.85, 6.95, 39200
09/22/14, 6.95, 7.10, 6.50, 6.95, 142200
09/19/14, 6.90, 7.10, 6.50, 6.90, 93400
09/18/14, 6.95, 7.00, 6.75, 6.95, 48000
09/17/14, 6.75, 7.20, 6.30, 6.75, 76800
09/16/14, 6.70, 6.75, 6.60, 6.70, 24700
09/15/14, 6.75, 6.80, 6.60, 6.75, 5100
09/12/14, 6.70, 6.70, 6.30, 6.70, 76400
09/11/14, 6.60, 6.75, 6.50, 6.60, 12700
09/10/14, 6.75, 6.85, 6.75, 6.75, 10600
09/09/14, 6.90, 6.95, 6.85, 6.90, 17900
09/08/14, 7.00, 7.45, 6.80, 7.00, 16700
09/05/14, 6.85, 6.95, 6.75, 6.85, 18500
09/04/14, 6.95, 7.00, 6.90, 6.95, 205900
09/03/14, 6.90, 6.95, 6.85, 6.90, 28600
09/02/14, 6.90, 6.95, 6.80, 6.90, 71400
09/01/14, 6.95, 6.95, 6.80, 6.95, 31600
08/29/14, 6.75, 6.90, 6.75, 6.75, 5700
08/28/14, 6.80, 6.80, 6.80, 6.80, 44500
08/27/14, 6.80, 6.90, 6.75, 6.80, 50300
08/26/14, 6.80, 6.80, 6.80, 6.80, 15000
08/25/14, 6.95, 7.20, 6.80, 6.95, 12600
08/22/14, 6.90, 7.20, 6.75, 6.90, 9500
08/21/14, 7.10, 7.30, 7.00, 7.10, 31600
08/20/14, 7.10, 7.20, 6.95, 7.10, 68000
08/19/14, 6.95, 7.00, 6.75, 6.95, 75900
08/18/14, 6.95, 7.20, 6.70, 6.95, 48300
08/15/14, 6.55, 6.90, 6.50, 6.55, 9500
08/14/14, 6.50, 6.90, 6.40, 6.50, 30300
08/13/14, 6.35, 6.40, 6.35, 6.35, 20700
08/12/14, 6.35, 6.80, 6.35, 6.35, 60900
08/11/14, 6.35, 6.90, 6.30, 6.35, 779300
08/08/14, 6.30, 6.35, 6.15, 6.30, 112300
08/07/14, 6.30, 7.00, 6.30, 6.30, 570300
08/06/14, 7.00, 7.50, 6.80, 7.00, 196000
08/05/14, 7.25, 7.60, 7.05, 7.25, 248400
08/04/14, 7.60, 7.80, 7.60, 7.60, 68100
08/01/14, 7.80, 8.00, 7.80, 7.80, 14500
07/31/14, 7.80, 8.00, 7.75, 7.80, 34500
07/30/14, 7.80, 7.90, 7.80, 7.80, 20300
07/28/14, 7.75, 8.00, 7.70, 7.75, 23200
07/25/14, 7.90, 8.00, 7.70, 7.90, 1600
07/24/14, 7.60, 8.00, 7.50, 7.60, 23800
07/23/14, 7.80, 8.20, 7.70, 7.80, 25600
07/22/14, 7.95, 8.40, 7.90, 7.95, 26800
07/21/14, 8.45, 8.50, 8.30, 8.45, 26700
07/18/14, 8.45, 8.70, 7.85, 8.45, 37800
07/17/14, 8.00, 8.00, 7.85, 8.00, 36000
07/16/14, 7.85, 8.00, 7.70, 7.85, 12500
07/15/14, 7.65, 8.00, 7.50, 7.65, 144700
07/14/14, 7.75, 8.00, 7.40, 7.75, 5100
07/11/14, 7.90, 8.20, 7.50, 7.90, 81300
07/10/14, 7.50, 7.75, 7.50, 7.50, 7100
07/09/14, 7.55, 7.80, 7.45, 7.55, 32000
07/08/14, 7.60, 7.80, 7.55, 7.60, 12200
07/07/14, 7.55, 7.80, 7.50, 7.55, 14300
07/04/14, 7.80, 8.00, 7.65, 7.80, 20700
07/03/14, 7.45, 8.00, 7.40, 7.45, 24300
07/02/14, 7.60, 7.90, 7.50, 7.60, 27700
07/01/14, 7.50, 7.70, 7.50, 7.50, 3900
06/30/14, 7.50, 7.60, 7.50, 7.50, 19300
06/27/14, 7.50, 7.60, 7.30, 7.50, 13200
06/26/14, 7.65, 7.65, 7.65, 7.65, 105200
06/25/14, 7.80, 7.85, 7.60, 7.80, 18600
06/24/14, 7.85, 7.95, 7.50, 7.85, 17200
06/23/14, 7.80, 8.00, 7.30, 7.80, 183400
06/20/14, 7.50, 7.80, 7.30, 7.50, 8600
06/19/14, 7.80, 7.85, 7.80, 7.80, 2500
06/18/14, 7.65, 7.85, 7.40, 7.65, 140100
06/17/14, 7.40, 7.80, 7.25, 7.40, 27700
06/16/14, 7.80, 7.95, 7.15, 7.80, 77300
06/13/14, 7.25, 7.50, 7.05, 7.25, 95600
06/12/14, 7.25, 7.50, 7.00, 7.25, 74400
06/11/14, 7.35, 7.60, 7.30, 7.35, 53700
06/10/14, 7.25, 7.35, 7.25, 7.25, 97200
06/09/14, 7.35, 7.75, 7.20, 7.35, 12300
06/06/14, 7.85, 8.00, 7.80, 7.85, 65800
06/05/14, 8.00, 8.40, 7.75, 8.00, 118300
06/04/14, 8.10, 8.50, 7.65, 8.10, 91800
06/03/14, 8.40, 8.50, 8.30, 8.40, 143700
05/30/14, 8.50, 8.80, 8.30, 8.50, 59200
05/29/14, 8.25, 8.85, 8.20, 8.25, 73800
05/28/14, 8.15, 8.20, 7.80, 8.15, 227900
05/27/14, 7.80, 8.40, 7.65, 7.80, 198300
05/26/14, 8.30, 8.40, 8.25, 8.30, 14900
05/23/14, 8.40, 8.65, 8.30, 8.40, 2300
05/22/14, 8.60, 8.80, 7.75, 8.60, 109700
05/21/14, 8.20, 8.50, 7.50, 8.20, 138100
05/20/14, 7.75, 8.20, 7.50, 7.75, 20800
05/19/14, 8.25, 8.70, 8.15, 8.25, 47200
05/16/14, 8.65, 8.80, 8.50, 8.65, 42700
05/15/14, 8.75, 8.95, 8.55, 8.75, 287000
05/14/14, 9.00, 9.25, 8.60, 9.00, 93500
05/13/14, 9.10, 9.35, 8.60, 9.10, 232200
05/12/14, 9.00, 9.40, 8.55, 9.00, 112300
05/09/14, 8.55, 8.90, 8.50, 8.55, 137300
05/08/14, 8.15, 8.50, 7.30, 8.15, 380200
05/07/14, 7.80, 8.00, 7.15, 7.80, 237800
05/06/14, 7.30, 7.50, 6.80, 7.30, 146000
05/05/14, 7.45, 7.60, 6.95, 7.45, 152700
05/02/14, 6.95, 7.00, 6.90, 6.95, 17900
04/30/14, 6.95, 7.10, 6.90, 6.95, 97400
04/29/14, 6.95, 7.20, 6.95, 6.95, 34600
04/28/14, 6.95, 7.10, 6.95, 6.95, 81600
04/25/14, 6.90, 7.20, 6.80, 6.90, 250900
04/24/14, 7.00, 7.30, 6.70, 7.00, 14400
04/23/14, 7.05, 7.20, 6.90, 7.05, 103800
04/22/14, 7.00, 7.05, 6.85, 7.00, 75300
04/17/14, 7.05, 7.15, 6.80, 7.05, 293800
04/16/14, 6.85, 6.90, 6.70, 6.85, 203500
04/15/14, 6.80, 7.00, 6.80, 6.80, 145200
04/14/14, 6.90, 7.00, 6.70, 6.90, 3900
04/11/14, 6.70, 6.90, 6.50, 6.70, 29100
04/10/14, 6.90, 7.00, 6.50, 6.90, 78700
04/09/14, 6.40, 6.80, 6.40, 6.40, 149700
04/08/14, 7.00, 7.00, 6.50, 7.00, 202700
04/07/14, 6.80, 7.15, 6.40, 6.80, 402200
04/04/14, 6.85, 7.00, 6.80, 6.85, 12400
04/03/14, 6.90, 7.00, 6.90, 6.90, 33200
04/02/14, 6.95, 7.00, 6.95, 6.95, 120800
04/01/14, 6.95, 7.00, 6.75, 6.95, 148100
03/31/14, 6.85, 7.00, 6.75, 6.85, 12000
03/28/14, 7.05, 7.30, 6.75, 7.05, 217500
03/27/14, 7.30, 7.70, 7.00, 7.30, 206700
03/26/14, 7.00, 7.00, 6.80, 7.00, 60300
03/25/14, 6.95, 7.00, 6.80, 6.95, 30900
03/24/14, 7.05, 7.20, 6.75, 7.05, 9500
03/21/14, 6.65, 7.20, 6.50, 6.65, 81000
03/20/14, 6.95, 7.20, 6.65, 6.95, 35500
03/19/14, 6.60, 6.75, 6.50, 6.60, 17500
03/18/14, 6.95, 7.40, 6.50, 6.95, 22000
03/17/14, 7.00, 7.35, 6.75, 7.00, 8000
03/14/14, 7.45, 7.50, 7.00, 7.45, 23100
03/13/14, 7.00, 7.10, 6.80, 7.00, 44900
03/12/14, 6.95, 7.00, 6.50, 6.95, 76400
03/11/14, 6.95, 7.00, 6.90, 6.95, 7900
03/10/14, 6.95, 7.00, 6.75, 6.95, 37800
03/07/14, 7.00, 7.10, 6.90, 7.00, 112300
03/06/14, 6.90, 7.00, 6.90, 6.90, 3900
03/05/14, 6.95, 7.00, 6.30, 6.95, 479800
03/04/14, 6.70, 6.80, 6.00, 6.70, 69800
03/03/14, 6.75, 6.90, 6.10, 6.75, 22700
02/28/14, 6.65, 6.80, 6.40, 6.65, 64200
02/27/14, 6.45, 6.60, 6.30, 6.45, 79300
02/26/14, 6.40, 6.60, 5.75, 6.40, 9400
02/25/14, 6.35, 6.50, 6.00, 6.35, 48900
02/24/14, 6.50, 6.50, 6.50, 6.50, 20200
02/21/14, 6.35, 6.55, 6.15, 6.35, 43900
02/20/14, 6.25, 6.30, 6.15, 6.25, 59800
02/19/14, 6.25, 6.30, 6.15, 6.25, 9500
02/18/14, 5.80, 6.30, 5.50, 5.80, 5500
02/17/14, 6.05, 6.10, 6.05, 6.05, 14000
02/14/14, 6.10, 6.10, 6.00, 6.10, 24300
02/13/14, 6.10, 6.30, 6.10, 6.10, 19900
02/12/14, 6.10, 6.30, 6.00, 6.10, 7300
02/11/14, 6.30, 6.40, 6.30, 6.30, 184700
02/10/14, 6.25, 6.30, 6.10, 6.25, 48200
02/07/14, 6.30, 6.40, 6.20, 6.30, 62700
02/06/14, 6.20, 6.30, 6.00, 6.20, 100400
02/05/14, 6.20, 6.30, 6.00, 6.20, 7600
02/04/14, 6.30, 6.55, 6.20, 6.30, 13900
02/03/14, 6.20, 6.30, 6.20, 6.20, 4700
01/31/14, 6.20, 6.30, 6.00, 6.20, 28300
01/30/14, 6.00, 6.20, 6.00, 6.00, 22900
01/29/14, 6.20, 6.30, 6.10, 6.20, 2800
01/28/14, 6.10, 6.30, 6.10, 6.10, 52800
01/27/14, 6.00, 6.40, 6.00, 6.00, 254300
01/24/14, 6.45, 6.60, 6.10, 6.45, 42100
01/23/14, 6.10, 6.30, 5.90, 6.10, 65900
01/22/14, 6.00, 6.05, 6.00, 6.00, 31500
01/21/14, 6.05, 6.10, 5.90, 6.05, 11300
01/20/14, 6.10, 6.50, 6.00, 6.10, 32700
01/17/14, 6.20, 6.30, 6.20, 6.20, 7200
01/16/14, 6.30, 6.50, 6.20, 6.30, 110800
01/15/14, 6.20, 6.40, 6.10, 6.20, 68500
01/14/14, 6.15, 6.20, 6.10, 6.15, 91100
01/13/14, 6.10, 6.50, 6.00, 6.10, 48900
01/10/14, 5.95, 6.00, 5.80, 5.95, 19600
01/09/14, 6.00, 6.20, 5.85, 6.00, 33800
01/08/14, 6.00, 6.20, 5.90, 6.00, 82200
01/07/14, 5.65, 5.80, 5.40, 5.65, 75900
01/06/14, 5.30, 5.45, 5.25, 5.30, 28100
01/03/14, 5.15, 5.45, 5.15, 5.15, 5800
01/02/14, 5.35, 5.45, 5.30, 5.35, 4200
12/31/13, 5.25, 5.30, 5.10, 5.25, 30100
12/30/13, 5.15, 5.35, 5.10, 5.15, 2200
12/27/13, 5.30, 5.35, 5.30, 5.30, 5000
12/24/13, 5.10, 5.35, 5.10, 5.10, 12900
12/23/13, 5.25, 5.35, 5.25, 5.25, 13000
12/20/13, 5.30, 5.35, 5.25, 5.30, 5700
12/19/13, 5.05, 5.25, 5.05, 5.05, 7700
12/18/13, 5.35, 5.50, 5.35, 5.35, 3100
12/17/13, 5.30, 5.35, 5.30, 5.30, 4900
12/16/13, 5.35, 5.80, 5.00, 5.35, 30800
12/11/13, 5.35, 5.45, 5.15, 5.35, 19400
12/10/13, 5.15, 5.45, 5.10, 5.15, 4500
12/09/13, 5.15, 5.50, 5.00, 5.15, 23800
12/06/13, 5.50, 5.65, 5.45, 5.50, 3300
12/05/13, 5.40, 5.60, 5.20, 5.40, 30200
12/04/13, 5.50, 5.60, 5.50, 5.50, 18100
12/03/13, 5.60, 5.70, 5.55, 5.60, 73600
12/02/13, 5.55, 5.65, 5.50, 5.55, 31500
11/29/13, 5.55, 5.65, 5.50, 5.55, 27800
11/28/13, 5.45, 5.65, 5.40, 5.45, 13500
11/27/13, 5.65, 5.70, 5.55, 5.65, 34900
11/26/13, 5.50, 5.55, 5.50, 5.50, 22700
11/25/13, 5.50, 5.55, 5.40, 5.50, 6700
11/22/13, 5.55, 5.60, 5.55, 5.55, 17700
11/21/13, 5.55, 5.60, 5.40, 5.55, 25200
11/20/13, 5.75, 5.80, 5.60, 5.75, 38700
11/19/13, 5.60, 5.60, 5.60, 5.60, 51800
11/18/13, 5.60, 5.80, 5.50, 5.60, 82900
11/15/13, 5.60, 5.75, 5.55, 5.60, 66700
11/14/13, 5.55, 5.60, 5.50, 5.55, 20400
11/13/13, 5.20, 5.65, 5.10, 5.20, 162300
11/12/13, 5.65, 5.70, 5.55, 5.65, 22500
11/11/13, 5.55, 5.65, 5.55, 5.55, 4100
11/08/13, 5.55, 5.65, 5.55, 5.55, 19300
11/07/13, 5.60, 5.65, 5.60, 5.60, 105200
11/06/13, 5.55, 5.60, 5.50, 5.55, 88100
11/05/13, 5.60, 5.65, 5.60, 5.60, 30900
11/04/13, 5.55, 5.60, 5.55, 5.55, 32500
11/01/13, 5.55, 5.60, 5.45, 5.55, 63600
10/31/13, 5.50, 5.60, 5.40, 5.50, 10900
10/30/13, 5.45, 5.80, 5.25, 5.45, 88200
10/28/13, 5.30, 5.45, 5.25, 5.30, 8400
10/25/13, 5.30, 5.35, 5.25, 5.30, 17300
10/24/13, 5.45, 5.50, 5.40, 5.45, 7800
10/23/13, 5.20, 5.50, 5.20, 5.20, 13600
10/22/13, 5.50, 5.70, 5.10, 5.50, 14700
10/18/13, 5.20, 5.25, 5.10, 5.20, 36900
10/17/13, 5.10, 5.15, 5.00, 5.10, 55200
10/16/13, 5.10, 5.15, 5.10, 5.10, 2400
10/15/13, 4.95, 5.20, 4.85, 4.95, 21400
10/14/13, 5.00, 5.20, 5.00, 5.00, 3100
10/11/13, 5.00, 5.25, 4.85, 5.00, 8600
10/10/13, 5.00, 5.10, 4.85, 5.00, 16900
10/09/13, 4.95, 5.00, 4.85, 4.95, 16300
10/08/13, 4.85, 5.00, 4.60, 4.85, 18100
10/07/13, 4.95, 5.00, 4.90, 4.95, 4500
10/04/13, 4.95, 5.00, 4.90, 4.95, 14100
10/03/13, 5.00, 5.05, 4.90, 5.00, 10900
10/02/13, 4.95, 5.00, 4.95, 4.95, 11300
10/01/13, 4.90, 4.90, 4.90, 4.90, 5500
09/30/13, 4.95, 5.00, 4.90, 4.95, 19500
09/27/13, 4.90, 5.00, 4.90, 4.90, 19800
09/26/13, 4.90, 4.90, 4.90, 4.90, 1500
09/25/13, 4.70, 4.90, 4.60, 4.70, 2800
09/24/13, 4.75, 5.00, 4.50, 4.75, 35800
09/23/13, 4.90, 5.00, 4.90, 4.90, 3700
09/20/13, 5.00, 5.10, 4.95, 5.00, 20200
09/19/13, 5.10, 5.10, 5.10, 5.10, 100
09/18/13, 5.00, 5.20, 5.00, 5.00, 29600
09/17/13, 5.00, 5.10, 4.85, 5.00, 36500
09/16/13, 4.90, 5.20, 4.85, 4.90, 3500
09/13/13, 4.85, 4.90, 4.80, 4.85, 9000
09/12/13, 4.80, 4.90, 4.80, 4.80, 8000
09/11/13, 4.85, 4.90, 4.85, 4.85, 3100
09/10/13, 4.85, 4.95, 4.85, 4.85, 4500
09/09/13, 4.85, 5.00, 4.85, 4.85, 3300
09/06/13, 4.85, 5.15, 4.80, 4.85, 11900
09/05/13, 4.80, 4.95, 4.70, 4.80, 7000
09/04/13, 4.70, 4.80, 4.70, 4.70, 5500
09/03/13, 4.90, 5.10, 4.65, 4.90, 1200
09/02/13, 4.65, 4.80, 4.60, 4.65, 9000
08/30/13, 4.75, 4.90, 4.55, 4.75, 36800
08/29/13, 4.85, 5.00, 4.80, 4.85, 36000
08/28/13, 4.80, 5.05, 4.80, 4.80, 22000
08/27/13, 4.85, 5.00, 4.80, 4.85, 1300
08/26/13, 4.95, 5.00, 4.80, 4.95, 9300
08/23/13, 5.00, 5.10, 5.00, 5.00, 25300
08/22/13, 5.05, 5.10, 5.00, 5.05, 13600
08/21/13, 5.00, 5.10, 5.00, 5.00, 14900
08/20/13, 5.10, 5.25, 5.00, 5.10, 17000
08/19/13, 5.10, 5.15, 5.00, 5.10, 3100
08/16/13, 5.10, 5.20, 5.10, 5.10, 21500
08/15/13, 5.15, 5.20, 5.15, 5.15, 76500
08/14/13, 5.15, 5.20, 5.00, 5.15, 7200
08/13/13, 5.15, 5.20, 5.15, 5.15, 4800
08/12/13, 5.25, 5.45, 5.20, 5.25, 21900
08/08/13, 5.25, 5.25, 5.15, 5.25, 108000
08/07/13, 5.15, 5.20, 5.00, 5.15, 23300
08/06/13, 5.00, 5.15, 4.95, 5.00, 5700
08/05/13, 5.10, 5.15, 5.10, 5.10, 9100
08/02/13, 5.00, 5.15, 5.00, 5.00, 104500
08/01/13, 5.15, 5.15, 5.10, 5.15, 26300
07/31/13, 5.15, 5.20, 5.15, 5.15, 13800
07/30/13, 5.10, 5.20, 5.00, 5.10, 11000
07/29/13, 5.05, 5.20, 5.00, 5.05, 11800
07/26/13, 5.10, 5.15, 5.05, 5.10, 12800
07/25/13, 5.15, 5.20, 5.15, 5.15, 2300
07/24/13, 5.15, 5.20, 5.15, 5.15, 3200
07/23/13, 5.15, 5.20, 5.10, 5.15, 500
07/22/13, 5.05, 5.10, 5.05, 5.05, 5400
07/19/13, 5.10, 5.20, 5.10, 5.10, 2600
07/18/13, 5.15, 5.35, 5.10, 5.15, 12500
07/17/13, 5.10, 5.10, 5.10, 5.10, 52900
07/16/13, 5.05, 5.20, 5.00, 5.05, 22000
07/15/13, 5.15, 5.35, 5.05, 5.15, 28600
07/12/13, 5.20, 5.35, 5.05, 5.20, 164300
07/11/13, 5.15, 5.20, 5.00, 5.15, 56800
07/10/13, 5.05, 5.35, 5.00, 5.05, 37700
07/09/13, 5.05, 5.10, 4.85, 5.05, 22200
07/08/13, 5.05, 5.40, 5.00, 5.05, 7300
07/05/13, 5.00, 5.00, 5.00, 5.00, 2600
07/04/13, 5.00, 5.25, 5.00, 5.00, 52600
07/03/13, 5.25, 5.35, 5.00, 5.25, 3000
07/02/13, 5.35, 5.40, 5.00, 5.35, 13900
07/01/13, 5.00, 5.00, 4.90, 5.00, 8200
06/28/13, 4.90, 5.00, 4.65, 4.90, 17000
06/27/13, 4.95, 5.00, 4.70, 4.95, 3900
06/26/13, 5.15, 5.20, 5.00, 5.15, 6500
06/25/13, 5.05, 5.10, 5.00, 5.05, 21700
06/24/13, 5.15, 5.20, 5.10, 5.15, 9200
06/21/13, 5.20, 5.20, 5.20, 5.20, 18900
06/20/13, 5.10, 5.20, 5.10, 5.10, 5700
06/19/13, 5.10, 5.20, 5.10, 5.10, 7500
06/18/13, 5.20, 5.30, 5.00, 5.20, 59100
06/17/13, 5.30, 5.40, 5.20, 5.30, 12000
06/14/13, 5.30, 5.40, 5.25, 5.30, 151500
06/13/13, 5.30, 5.40, 5.20, 5.30, 156600
06/12/13, 5.30, 5.35, 5.20, 5.30, 55400
06/11/13, 5.25, 5.30, 5.25, 5.25, 32700
06/10/13, 5.30, 5.35, 5.25, 5.30, 31700
06/07/13, 5.30, 5.35, 5.30, 5.30, 18600
06/06/13, 5.30, 5.45, 5.20, 5.30, 13000
06/05/13, 5.35, 5.40, 5.20, 5.35, 84600
06/04/13, 5.30, 5.45, 5.20, 5.30, 21800
06/03/13, 5.35, 5.45, 5.30, 5.35, 3000
05/31/13, 5.30, 5.30, 5.20, 5.30, 8300
05/30/13, 5.25, 5.45, 5.15, 5.25, 40800
05/29/13, 5.35, 5.45, 5.30, 5.35, 110800
05/28/13, 5.35, 5.50, 5.30, 5.35, 26200
05/27/13, 5.30, 5.30, 5.30, 5.30, 2200
05/24/13, 5.30, 5.30, 5.25, 5.30, 42800
05/23/13, 5.30, 5.30, 5.30, 5.30, 3000
05/22/13, 5.25, 5.30, 5.05, 5.25, 30400
05/21/13, 5.20, 5.45, 5.20, 5.20, 52400
05/20/13, 5.20, 5.20, 5.20, 5.20, 2200
05/17/13, 5.05, 5.20, 5.05, 5.05, 42500
05/16/13, 5.05, 5.25, 5.05, 5.05, 69100
05/15/13, 5.10, 5.25, 5.05, 5.10, 50000
05/14/13, 5.15, 5.20, 5.15, 5.15, 20300
05/13/13, 5.15, 5.25, 5.15, 5.15, 3900
05/10/13, 5.15, 5.25, 5.05, 5.15, 3200
05/09/13, 5.20, 5.25, 5.10, 5.20, 7800
05/08/13, 5.15, 5.30, 5.10, 5.15, 92100
05/07/13, 5.10, 5.15, 5.10, 5.10, 3100
05/06/13, 5.15, 5.60, 5.00, 5.15, 16900
05/03/13, 5.05, 5.30, 5.00, 5.05, 22800
05/02/13, 5.10, 5.45, 5.00, 5.10, 40100
04/30/13, 5.25, 5.35, 5.25, 5.25, 14200
04/29/13, 5.40, 5.50, 5.35, 5.40, 12900
04/26/13, 5.50, 5.60, 5.25, 5.50, 12000
04/25/13, 5.35, 5.60, 5.10, 5.35, 224500
04/24/13, 5.15, 5.50, 5.05, 5.15, 59300
04/23/13, 5.30, 5.50, 5.20, 5.30, 21500
04/22/13, 5.25, 5.65, 5.00, 5.25, 60300
04/19/13, 5.50, 5.55, 5.50, 5.50, 50700
04/18/13, 5.65, 5.80, 5.55, 5.65, 39500
04/17/13, 5.65, 5.80, 5.65, 5.65, 51700
04/16/13, 5.65, 5.80, 5.50, 5.65, 46200
04/15/13, 5.75, 5.80, 5.65, 5.75, 135100
04/12/13, 5.70, 5.75, 5.50, 5.70, 20300
04/11/13, 5.70, 5.80, 5.60, 5.70, 293100
04/10/13, 5.70, 5.80, 5.60, 5.70, 192500
04/08/13, 5.55, 5.60, 5.55, 5.55, 22000
04/05/13, 5.50, 5.70, 5.45, 5.50, 51300
04/04/13, 5.60, 5.95, 5.55, 5.60, 24500
04/03/13, 5.65, 5.80, 5.50, 5.65, 63900
04/02/13, 5.30, 5.55, 5.15, 5.30, 528700
03/28/13, 5.05, 5.30, 5.00, 5.05, 158400
03/27/13, 5.20, 5.30, 5.05, 5.20, 7700
03/26/13, 5.20, 5.30, 5.10, 5.20, 12300
03/25/13, 5.20, 5.50, 5.00, 5.20, 235200
03/22/13, 5.40, 5.60, 5.30, 5.40, 67000
03/21/13, 5.45, 5.60, 5.30, 5.45, 134300
03/20/13, 5.30, 5.45, 5.30, 5.30, 167400
03/19/13, 5.25, 5.30, 5.10, 5.25, 78900
03/18/13, 5.10, 5.30, 5.05, 5.10, 44400
03/15/13, 5.25, 5.30, 5.10, 5.25, 171700
03/14/13, 5.10, 5.30, 5.00, 5.10, 93000
03/13/13, 5.10, 5.35, 5.00, 5.10, 197200
03/12/13, 5.30, 5.35, 4.90, 5.30, 192100
03/11/13, 4.90, 4.90, 4.90, 4.90, 2800
03/08/13, 4.50, 4.70, 4.50, 4.50, 1200
03/07/13, 4.45, 4.70, 4.40, 4.45, 39700
03/06/13, 4.40, 4.50, 4.40, 4.40, 96300
03/05/13, 4.40, 4.40, 4.40, 4.40, 22900
03/01/13, 4.30, 4.30, 4.30, 4.30, 57900
02/28/13, 4.30, 4.70, 4.20, 4.30, 90200
02/27/13, 4.30, 4.40, 4.20, 4.30, 35300
02/26/13, 4.30, 4.65, 4.20, 4.30, 57000
02/25/13, 4.25, 4.30, 4.20, 4.25, 35300
02/22/13, 4.30, 4.40, 4.20, 4.30, 62100
02/21/13, 4.30, 4.40, 4.25, 4.30, 19600
02/20/13, 4.30, 4.40, 4.30, 4.30, 57400
02/19/13, 4.35, 4.50, 4.30, 4.35, 10700
02/18/13, 4.30, 4.50, 4.30, 4.30, 40500
02/15/13, 4.35, 4.55, 4.30, 4.35, 61700
02/14/13, 4.30, 4.50, 4.30, 4.30, 183500
02/13/13, 4.40, 4.45, 4.40, 4.40, 22400
02/12/13, 4.30, 4.50, 4.25, 4.30, 58800
02/11/13, 4.30, 4.50, 4.05, 4.30, 18100
02/08/13, 4.40, 4.50, 4.30, 4.40, 1600
02/07/13, 4.30, 4.50, 4.25, 4.30, 93900
02/06/13, 4.65, 4.80, 4.50, 4.65, 6700
02/05/13, 4.85, 4.90, 4.75, 4.85, 65700
02/04/13, 4.80, 4.90, 4.60, 4.80, 142600
02/01/13, 4.75, 4.80, 4.65, 4.75, 41500
01/31/13, 4.75, 4.80, 4.60, 4.75, 153700
01/30/13, 4.65, 4.75, 4.60, 4.65, 76000
01/29/13, 4.60, 4.65, 4.55, 4.60, 2200
01/28/13, 4.60, 4.65, 4.55, 4.60, 123600
01/25/13, 4.45, 4.50, 4.35, 4.45, 8600
01/24/13, 4.50, 4.60, 4.35, 4.50, 57500
01/23/13, 4.45, 4.50, 4.40, 4.45, 58100
01/22/13, 4.40, 4.90, 4.30, 4.40, 26600
01/21/13, 4.50, 4.50, 4.50, 4.50, 29600
01/18/13, 4.55, 4.70, 4.25, 4.55, 149500
01/17/13, 4.40, 4.45, 4.40, 4.40, 12200
01/16/13, 4.65, 4.80, 4.50, 4.65, 12100
01/15/13, 4.75, 4.85, 4.60, 4.75, 17300
01/14/13, 4.75, 5.00, 4.60, 4.75, 47000
01/11/13, 4.60, 4.90, 4.50, 4.60, 28000
01/10/13, 4.55, 4.65, 4.50, 4.55, 23900
01/09/13, 4.60, 5.00, 4.50, 4.60, 166100
01/08/13, 4.55, 4.85, 4.50, 4.55, 80400
01/07/13, 4.45, 4.50, 4.35, 4.45, 435200
01/04/13, 4.50, 4.50, 4.35, 4.50, 12300
01/03/13, 4.35, 4.60, 4.15, 4.35, 151000
01/02/13, 4.40, 4.50, 4.15, 4.40, 20200
12/31/12, 4.15, 4.25, 4.10, 4.15, 40100
12/28/12, 4.15, 4.20, 4.05, 4.15, 54600
12/27/12, 4.15, 4.20, 4.10, 4.15, 28300
12/24/12, 4.15, 4.15, 4.15, 4.15, 11500
12/21/12, 4.20, 4.30, 4.15, 4.20, 67100
12/20/12, 4.20, 4.25, 4.15, 4.20, 74500
12/19/12, 4.25, 4.30, 4.25, 4.25, 1500
12/18/12, 4.25, 4.30, 4.15, 4.25, 48400
12/17/12, 4.20, 4.30, 4.10, 4.20, 21600
12/14/12, 4.15, 4.30, 4.15, 4.15, 6500
12/13/12, 4.20, 4.30, 4.15, 4.20, 73000
12/11/12, 4.15, 4.20, 4.10, 4.15, 6300
12/10/12, 4.10, 4.10, 4.10, 4.10, 1600
12/07/12, 4.00, 4.05, 4.00, 4.00, 131100
12/06/12, 3.90, 4.00, 3.80, 3.90, 75900
12/05/12, 3.85, 4.00, 3.85, 3.85, 39000
12/04/12, 3.90, 4.00, 3.85, 3.90, 38500
12/03/12, 3.90, 4.00, 3.85, 3.90, 155800
11/30/12, 4.05, 4.45, 3.90, 4.05, 179300
11/29/12, 4.10, 4.30, 4.00, 4.10, 32300
11/28/12, 4.00, 4.20, 3.95, 4.00, 57500
11/27/12, 3.95, 4.10, 3.80, 3.95, 43600
11/26/12, 3.95, 4.00, 3.65, 3.95, 163700
11/23/12, 3.55, 3.65, 3.50, 3.55, 15100
11/22/12, 3.55, 3.60, 3.55, 3.55, 33400
11/21/12, 3.60, 3.60, 3.55, 3.60, 4400
11/20/12, 3.60, 3.90, 3.55, 3.60, 5500
11/19/12, 3.70, 3.85, 3.55, 3.70, 5300
11/16/12, 3.55, 3.70, 3.50, 3.55, 4800
11/15/12, 3.50, 3.60, 3.50, 3.50, 93300
11/14/12, 3.50, 3.50, 3.40, 3.50, 17700
11/13/12, 3.50, 3.60, 3.50, 3.50, 127200
11/12/12, 3.45, 3.65, 3.45, 3.45, 13700
11/09/12, 3.55, 3.65, 3.50, 3.55, 20600
11/08/12, 3.60, 3.65, 3.60, 3.60, 15400
11/07/12, 3.60, 3.70, 3.60, 3.60, 11400
11/06/12, 3.60, 3.70, 3.60, 3.60, 51500
11/05/12, 3.65, 3.70, 3.60, 3.65, 15100
11/02/12, 3.65, 3.70, 3.60, 3.65, 5400
11/01/12, 3.60, 3.70, 3.60, 3.60, 10400
10/31/12, 3.60, 3.70, 3.50, 3.60, 11100
10/30/12, 3.70, 3.85, 3.70, 3.70, 46000
10/29/12, 3.85, 3.90, 3.80, 3.85, 1700
10/26/12, 3.85, 3.90, 3.80, 3.85, 7500
10/25/12, 3.75, 3.80, 3.75, 3.75, 1200
10/24/12, 3.75, 3.80, 3.75, 3.75, 600
10/23/12, 3.85, 3.90, 3.75, 3.85, 2100
10/22/12, 3.80, 3.85, 3.75, 3.80, 3200
10/19/12, 3.75, 3.80, 3.60, 3.75, 10800
10/18/12, 3.65, 3.75, 3.60, 3.65, 1300
10/17/12, 3.70, 3.75, 3.60, 3.70, 6900
10/16/12, 3.70, 3.75, 3.60, 3.70, 18100
10/15/12, 3.75, 3.75, 3.75, 3.75, 400
10/12/12, 3.90, 3.90, 3.85, 3.90, 2500
10/11/12, 3.85, 3.90, 3.75, 3.85, 58500
10/10/12, 3.80, 3.85, 3.75, 3.80, 4300
10/09/12, 3.75, 3.90, 3.75, 3.75, 2100
10/08/12, 3.85, 3.95, 3.80, 3.85, 1000
10/05/12, 3.75, 3.75, 3.75, 3.75, 6300
10/04/12, 3.75, 3.90, 3.75, 3.75, 16900
10/03/12, 3.85, 3.90, 3.75, 3.85, 13700
10/02/12, 3.95, 3.95, 3.80, 3.95, 5200
10/01/12, 3.85, 3.85, 3.85, 3.85, 500
09/28/12, 3.75, 3.95, 3.75, 3.75, 62200
09/27/12, 3.85, 3.95, 3.80, 3.85, 6600
09/26/12, 3.80, 3.90, 3.75, 3.80, 2500
09/25/12, 3.75, 3.90, 3.75, 3.75, 2600
09/24/12, 3.75, 3.75, 3.75, 3.75, 500
09/21/12, 3.75, 3.75, 3.75, 3.75, 14100
09/20/12, 3.80, 3.95, 3.75, 3.80, 37400
09/19/12, 3.80, 3.80, 3.75, 3.80, 1600
09/18/12, 3.80, 3.95, 3.80, 3.80, 41800
09/17/12, 3.80, 3.90, 3.80, 3.80, 210700
09/14/12, 3.85, 3.85, 3.75, 3.85, 45700
09/13/12, 3.65, 3.80, 3.60, 3.65, 13600
09/12/12, 3.65, 3.75, 3.55, 3.65, 258700
09/11/12, 3.55, 3.75, 3.45, 3.55, 39000
09/10/12, 3.75, 3.85, 3.70, 3.75, 83500
09/07/12, 3.75, 3.80, 3.75, 3.75, 6900
09/06/12, 3.75, 3.90, 3.75, 3.75, 16100
09/05/12, 3.80, 3.95, 3.80, 3.80, 11200
09/04/12, 3.85, 3.95, 3.80, 3.85, 8700
09/03/12, 3.75, 3.80, 3.75, 3.75, 22300
08/31/12, 3.70, 3.75, 3.70, 3.70, 11500
08/30/12, 3.70, 3.95, 3.70, 3.70, 36000
08/29/12, 3.75, 3.85, 3.70, 3.75, 35400
08/28/12, 3.75, 3.75, 3.70, 3.75, 7700
08/27/12, 3.75, 3.80, 3.70, 3.75, 20100
08/24/12, 3.80, 3.95, 3.70, 3.80, 3800
08/23/12, 3.75, 3.85, 3.70, 3.75, 8200
08/22/12, 3.85, 3.90, 3.85, 3.85, 21300
08/21/12, 3.95, 3.95, 3.95, 3.95, 400
08/17/12, 3.70, 3.75, 3.65, 3.70, 16700
08/16/12, 3.95, 3.95, 3.95, 3.95, 100
08/15/12, 3.80, 3.95, 3.70, 3.80, 12500
08/14/12, 3.75, 3.80, 3.70, 3.75, 8700
08/13/12, 3.80, 3.85, 3.80, 3.80, 25800
08/10/12, 3.85, 3.95, 3.75, 3.85, 132000
08/09/12, 3.90, 3.90, 3.80, 3.90, 18200
08/08/12, 3.80, 3.95, 3.80, 3.80, 59100
08/07/12, 3.85, 4.00, 3.85, 3.85, 16200
08/06/12, 3.85, 4.00, 3.80, 3.85, 1900
08/03/12, 3.95, 4.00, 3.80, 3.95, 62900
08/02/12, 3.90, 4.00, 3.80, 3.90, 6200
08/01/12, 3.80, 4.00, 3.75, 3.80, 2500
07/31/12, 3.95, 4.00, 3.80, 3.95, 2800
07/30/12, 4.00, 4.10, 4.00, 4.00, 50800
07/27/12, 3.95, 4.00, 3.95, 3.95, 3100
07/26/12, 4.00, 4.15, 3.95, 4.00, 69500
07/25/12, 3.95, 4.20, 3.90, 3.95, 64900
07/24/12, 4.00, 4.10, 3.95, 4.00, 145100
07/23/12, 3.95, 4.00, 3.90, 3.95, 95100
07/20/12, 3.95, 4.00, 3.95, 3.95, 69500
07/19/12, 4.00, 4.10, 4.00, 4.00, 82200
07/18/12, 4.00, 4.15, 4.00, 4.00, 22400
07/17/12, 3.90, 4.00, 3.90, 3.90, 30700
07/16/12, 4.00, 4.00, 3.90, 4.00, 230700
07/13/12, 4.10, 4.20, 4.10, 4.10, 132300
07/12/12, 4.15, 4.20, 4.10, 4.15, 3000
07/11/12, 4.00, 4.10, 4.00, 4.00, 24400
07/10/12, 4.10, 4.20, 4.10, 4.10, 12600
07/09/12, 4.15, 4.20, 4.15, 4.15, 3700
07/06/12, 4.15, 4.20, 4.05, 4.15, 11700
07/05/12, 4.00, 4.15, 4.00, 4.00, 20800
07/04/12, 4.10, 4.15, 4.00, 4.10, 28400
07/03/12, 4.10, 4.15, 4.10, 4.10, 7900
07/02/12, 4.10, 4.15, 4.10, 4.10, 2600
06/29/12, 4.15, 4.20, 4.10, 4.15, 900
06/28/12, 4.10, 4.20, 4.00, 4.10, 10100
06/27/12, 4.05, 4.20, 4.00, 4.05, 9100
06/26/12, 4.00, 4.10, 4.00, 4.00, 26800
06/25/12, 4.10, 4.20, 4.00, 4.10, 10200
06/22/12, 4.10, 4.10, 4.00, 4.10, 25400
06/21/12, 4.15, 4.20, 4.00, 4.15, 33400
06/20/12, 4.10, 4.15, 4.10, 4.10, 600
06/19/12, 4.15, 4.20, 4.00, 4.15, 20400
06/18/12, 4.20, 4.20, 4.10, 4.20, 4200
06/15/12, 4.20, 4.20, 4.20, 4.20, 1300
06/14/12, 4.20, 4.50, 4.15, 4.20, 59800
06/13/12, 4.40, 4.50, 4.15, 4.40, 16100
06/12/12, 4.50, 4.60, 4.50, 4.50, 5900
06/11/12, 4.50, 4.60, 4.45, 4.50, 19600
06/08/12, 4.45, 4.65, 4.30, 4.45, 10100
06/07/12, 4.65, 4.80, 4.65, 4.65, 22100
06/06/12, 4.75, 4.90, 4.70, 4.75, 13500
06/05/12, 4.75, 4.90, 4.65, 4.75, 23100
06/04/12, 4.70, 4.90, 4.65, 4.70, 5400
05/31/12, 4.65, 4.65, 4.65, 4.65, 200
05/30/12, 4.65, 4.80, 4.50, 4.65, 5100
05/29/12, 4.50, 4.50, 4.50, 4.50, 1300
05/28/12, 4.40, 4.50, 4.30, 4.40, 6700
05/25/12, 4.50, 4.65, 4.50, 4.50, 38500
05/24/12, 4.55, 4.75, 4.50, 4.55, 16300
05/23/12, 4.50, 4.60, 4.50, 4.50, 23700
05/22/12, 4.60, 4.60, 4.60, 4.60, 500
05/21/12, 4.60, 4.75, 4.50, 4.60, 5800
05/18/12, 4.70, 4.90, 4.50, 4.70, 4000
05/17/12, 4.65, 4.75, 4.40, 4.65, 38500
05/16/12, 4.35, 4.60, 4.30, 4.35, 33000
05/15/12, 4.45, 4.70, 4.30, 4.45, 1100
05/14/12, 4.30, 4.35, 4.30, 4.30, 7400
05/11/12, 4.20, 4.35, 4.15, 4.20, 56000
05/10/12, 4.10, 4.10, 4.10, 4.10, 700
05/09/12, 4.15, 4.45, 4.05, 4.15, 2000
05/08/12, 4.45, 4.45, 4.45, 4.45, 300
05/07/12, 4.45, 4.80, 4.10, 4.45, 10700
05/04/12, 4.55, 4.70, 4.50, 4.55, 114400
05/03/12, 4.70, 4.80, 4.60, 4.70, 35300
05/02/12, 4.75, 4.80, 4.60, 4.75, 60700
04/30/12, 4.70, 4.80, 4.50, 4.70, 4000
04/27/12, 4.60, 4.85, 4.50, 4.60, 23400
04/26/12, 4.50, 4.85, 4.30, 4.50, 54000
04/25/12, 4.55, 4.60, 4.50, 4.55, 27700
04/24/12, 4.55, 4.80, 4.50, 4.55, 49500
04/23/12, 4.45, 4.50, 4.30, 4.45, 26600
04/20/12, 4.30, 4.50, 4.30, 4.30, 21800
04/19/12, 4.30, 4.30, 4.00, 4.30, 30200
04/18/12, 4.00, 4.10, 3.90, 4.00, 43000
04/17/12, 4.00, 4.00, 3.90, 4.00, 5100
04/16/12, 3.95, 4.00, 3.90, 3.95, 1500
04/13/12, 3.85, 3.95, 3.80, 3.85, 8100
04/12/12, 3.90, 3.90, 3.90, 3.90, 1000
04/11/12, 3.80, 3.90, 3.70, 3.80, 62500
04/10/12, 3.75, 3.80, 3.75, 3.75, 10900
04/05/12, 3.75, 3.80, 3.65, 3.75, 600
04/04/12, 3.75, 3.80, 3.75, 3.75, 3800
04/03/12, 3.80, 3.80, 3.80, 3.80, 1800
04/02/12, 3.80, 3.80, 3.80, 3.80, 24200
03/30/12, 3.80, 3.90, 3.80, 3.80, 3500
03/29/12, 3.90, 3.90, 3.90, 3.90, 100
03/28/12, 3.80, 3.80, 3.65, 3.80, 13500
03/27/12, 3.80, 3.80, 3.80, 3.80, 1100
03/26/12, 3.55, 3.80, 3.55, 3.55, 6900
03/23/12, 3.65, 3.80, 3.65, 3.65, 4900
03/22/12, 3.65, 3.80, 3.65, 3.65, 1400
03/21/12, 3.60, 3.95, 3.60, 3.60, 2400
03/20/12, 3.65, 3.95, 3.55, 3.65, 57300
03/19/12, 3.90, 4.00, 3.70, 3.90, 38700
03/16/12, 3.80, 3.90, 3.75, 3.80, 24500
03/15/12, 3.85, 3.90, 3.85, 3.85, 2800
03/14/12, 3.95, 4.00, 3.90, 3.95, 39500
03/13/12, 3.90, 4.00, 3.85, 3.90, 1600
03/12/12, 3.90, 4.00, 3.85, 3.90, 3600
03/08/12, 3.85, 3.90, 3.75, 3.85, 7700
03/07/12, 3.95, 3.95, 3.95, 3.95, 12000
03/06/12, 3.80, 3.95, 3.80, 3.80, 7100
03/02/12, 3.70, 4.00, 3.70, 3.70, 12500
03/01/12, 3.95, 4.00, 3.75, 3.95, 5400
02/29/12, 3.85, 3.90, 3.85, 3.85, 1900
02/28/12, 3.75, 3.75, 3.75, 3.75, 4000
02/27/12, 3.80, 3.95, 3.75, 3.80, 3800
02/24/12, 3.80, 3.85, 3.75, 3.80, 9000
02/23/12, 3.75, 3.85, 3.70, 3.75, 2600
02/22/12, 3.85, 4.00, 3.70, 3.85, 6400
02/21/12, 3.95, 4.00, 3.85, 3.95, 4600
02/20/12, 3.95, 4.00, 3.85, 3.95, 7600
02/17/12, 3.95, 4.00, 3.85, 3.95, 5300
02/16/12, 4.00, 4.00, 4.00, 4.00, 1700
02/15/12, 4.00, 4.00, 4.00, 4.00, 5600
02/14/12, 3.95, 4.00, 3.90, 3.95, 16100
02/13/12, 4.00, 4.10, 4.00, 4.00, 41200
02/10/12, 4.10, 4.20, 4.00, 4.10, 3500
02/09/12, 4.00, 4.20, 4.00, 4.00, 8800
02/08/12, 4.00, 4.20, 3.90, 4.00, 4400
02/07/12, 4.10, 4.20, 4.10, 4.10, 14000
02/06/12, 4.10, 4.20, 4.00, 4.10, 5300
02/03/12, 4.20, 4.30, 4.10, 4.20, 36800
02/02/12, 4.20, 4.30, 4.20, 4.20, 5800
02/01/12, 4.05, 4.20, 4.05, 4.05, 5700
01/31/12, 4.05, 4.20, 4.00, 4.05, 19500
01/30/12, 3.85, 4.00, 3.85, 3.85, 39600
01/27/12, 3.90, 4.00, 3.85, 3.90, 9600
01/26/12, 3.85, 4.00, 3.60, 3.85, 67300
01/25/12, 3.90, 3.95, 3.90, 3.90, 1300
01/24/12, 3.95, 4.00, 3.70, 3.95, 20700
01/23/12, 4.00, 4.00, 4.00, 4.00, 13100
01/20/12, 3.95, 4.05, 3.95, 3.95, 123800
01/19/12, 4.00, 4.05, 4.00, 4.00, 55400
01/18/12, 4.00, 4.05, 4.00, 4.00, 17700
01/17/12, 4.05, 4.05, 4.00, 4.05, 26200
01/16/12, 4.05, 4.05, 4.00, 4.05, 40400
01/13/12, 4.10, 4.15, 4.05, 4.10, 11300
01/12/12, 4.10, 4.20, 4.05, 4.10, 33000
01/11/12, 4.10, 4.10, 4.05, 4.10, 5900
01/10/12, 4.10, 4.15, 4.05, 4.10, 5300
01/06/12, 4.25, 4.30, 4.10, 4.25, 1700
01/05/12, 4.05, 4.10, 4.00, 4.05, 3300
01/04/12, 4.05, 4.40, 4.00, 4.05, 4300
01/03/12, 4.40, 4.50, 4.00, 4.40, 83000
12/30/11, 4.40, 4.50, 4.40, 4.40, 38500
12/29/11, 4.10, 4.40, 4.00, 4.10, 4600
12/28/11, 4.00, 4.40, 4.00, 4.00, 38400
12/27/11, 4.00, 4.25, 4.00, 4.00, 3800
12/23/11, 4.15, 4.25, 4.00, 4.15, 1600
12/22/11, 4.25, 4.40, 4.20, 4.25, 2800
12/21/11, 4.35, 4.40, 4.20, 4.35, 1800
12/20/11, 4.40, 4.40, 4.40, 4.40, 600
12/19/11, 4.05, 4.40, 4.00, 4.05, 2600
12/16/11, 4.00, 4.00, 4.00, 4.00, 59600
12/15/11, 3.80, 4.00, 3.80, 3.80, 105300
12/14/11, 3.85, 4.00, 3.60, 3.85, 30700
12/13/11, 3.65, 4.00, 3.55, 3.65, 15500
12/09/11, 3.80, 4.00, 3.80, 3.80, 6900
12/08/11, 3.65, 4.00, 3.60, 3.65, 33800
12/07/11, 3.90, 3.90, 3.90, 3.90, 2700
12/06/11, 3.95, 4.00, 3.80, 3.95, 1700
12/05/11, 3.80, 4.00, 3.55, 3.80, 107200
12/02/11, 3.90, 4.00, 3.75, 3.90, 18900
12/01/11, 3.85, 4.00, 3.80, 3.85, 25800
11/30/11, 3.90, 4.00, 3.90, 3.90, 8000
11/29/11, 3.90, 4.00, 3.80, 3.90, 4200
11/28/11, 4.00, 4.00, 4.00, 4.00, 4700
11/25/11, 4.00, 4.00, 3.70, 4.00, 7900
11/24/11, 4.00, 4.25, 3.65, 4.00, 4400
11/23/11, 4.00, 4.20, 4.00, 4.00, 218200
11/22/11, 4.20, 4.35, 4.20, 4.20, 8400
11/21/11, 4.35, 4.35, 4.30, 4.35, 12200
11/18/11, 4.25, 4.35, 4.20, 4.25, 10300
11/17/11, 4.35, 4.40, 4.25, 4.35, 22700
11/16/11, 4.35, 4.40, 4.30, 4.35, 24200
11/15/11, 4.25, 4.40, 4.20, 4.25, 9100
11/14/11, 4.20, 4.40, 4.20, 4.20, 13500
11/11/11, 4.40, 4.50, 4.30, 4.40, 2100
11/10/11, 4.45, 4.50, 4.30, 4.45, 29000
11/09/11, 4.20, 4.40, 4.05, 4.20, 1500
11/08/11, 4.40, 4.50, 4.30, 4.40, 12300
11/07/11, 4.40, 4.40, 4.30, 4.40, 25000
11/04/11, 4.40, 4.50, 4.40, 4.40, 5100
11/03/11, 4.40, 4.40, 4.40, 4.40, 17600
11/02/11, 4.40, 4.40, 4.40, 4.40, 7100
11/01/11, 4.45, 4.50, 4.30, 4.45, 22000
10/31/11, 4.75, 4.80, 4.50, 4.75, 18100
10/28/11, 4.40, 4.50, 4.40, 4.40, 6400
10/27/11, 4.40, 4.40, 4.40, 4.40, 100
10/26/11, 4.00, 4.00, 3.95, 4.00, 40700
10/25/11, 4.00, 4.00, 3.90, 4.00, 20200
10/24/11, 4.00, 4.05, 3.90, 4.00, 7300
10/21/11, 4.00, 4.05, 3.90, 4.00, 67600
10/19/11, 4.00, 4.05, 4.00, 4.00, 300500
10/18/11, 4.05, 4.05, 4.00, 4.05, 94300
10/17/11, 4.05, 4.45, 4.05, 4.05, 82000
10/14/11, 4.45, 4.80, 4.40, 4.45, 3500
10/13/11, 4.80, 4.80, 4.80, 4.80, 300
10/12/11, 4.75, 4.90, 4.70, 4.75, 4000
10/11/11, 4.80, 4.90, 4.75, 4.80, 66500
10/10/11, 4.75, 4.75, 4.75, 4.75, 900
10/07/11, 4.80, 4.90, 4.80, 4.80, 377000
10/06/11, 4.80, 4.85, 4.80, 4.80, 344200
10/05/11, 4.80, 4.90, 4.80, 4.80, 25000
10/04/11, 4.80, 4.90, 4.75, 4.80, 17500
10/03/11, 4.95, 5.15, 4.90, 4.95, 2000
09/30/11, 4.80, 4.90, 4.80, 4.80, 22100
09/29/11, 4.80, 4.80, 4.80, 4.80, 77000
09/28/11, 4.75, 5.00, 4.40, 4.75, 92700
09/27/11, 4.80, 5.15, 4.70, 4.80, 21300
09/26/11, 4.80, 4.85, 4.75, 4.80, 15800
09/23/11, 4.70, 4.75, 4.40, 4.70, 33400
09/22/11, 4.40, 4.40, 4.35, 4.40, 17300
09/21/11, 4.35, 4.40, 4.35, 4.35, 11700
09/20/11, 4.30, 4.35, 4.30, 4.30, 5400
09/19/11, 4.35, 4.40, 4.35, 4.35, 5200
09/15/11, 4.35, 4.40, 4.20, 4.35, 35500
09/14/11, 4.35, 4.35, 4.30, 4.35, 1100
09/13/11, 4.20, 4.40, 4.20, 4.20, 1500
09/12/11, 4.05, 4.05, 4.00, 4.05, 6500
09/09/11, 4.05, 4.10, 4.05, 4.05, 1700
09/08/11, 4.00, 4.05, 3.95, 4.00, 20100
09/07/11, 4.00, 4.05, 3.95, 4.00, 37200
09/06/11, 4.00, 4.10, 4.00, 4.00, 33900
09/05/11, 4.05, 4.10, 4.05, 4.05, 16700
09/02/11, 4.10, 4.20, 4.00, 4.10, 34900
09/01/11, 4.05, 4.10, 4.05, 4.05, 800
08/30/11, 4.10, 4.10, 4.10, 4.10, 300
08/29/11, 4.05, 4.20, 4.00, 4.05, 16900
08/26/11, 4.15, 4.30, 4.00, 4.15, 3000
08/25/11, 4.30, 4.50, 4.30, 4.30, 42300
08/24/11, 4.45, 4.50, 4.35, 4.45, 7000
08/23/11, 4.50, 4.50, 4.50, 4.50, 8600
08/22/11, 4.70, 4.80, 4.50, 4.70, 4900
08/19/11, 4.50, 4.50, 4.50, 4.50, 5300
08/18/11, 4.25, 4.25, 4.25, 4.25, 4500
08/17/11, 4.45, 4.45, 4.45, 4.45, 4400
08/16/11, 4.45, 4.45, 4.45, 4.45, 21100
08/15/11, 4.45, 4.45, 4.45, 4.45, 96000
08/12/11, 4.25, 4.25, 4.25, 4.25, 11500
08/11/11, 4.35, 4.35, 4.35, 4.35, 4000
08/10/11, 4.15, 4.15, 4.15, 4.15, 10200
08/09/11, 4.25, 4.25, 4.25, 4.25, 21600
08/08/11, 4.60, 4.60, 4.60, 4.60, 29400
08/05/11, 4.75, 4.75, 4.75, 4.75, 27400
08/04/11, 4.95, 4.95, 4.95, 4.95, 20600
08/03/11, 4.70, 4.70, 4.70, 4.70, 1200
08/02/11, 4.70, 4.70, 4.70, 4.70, 1300
08/01/11, 4.60, 4.60, 4.60, 4.60, 78500
07/29/11, 4.80, 4.80, 4.80, 4.80, 18600
07/28/11, 4.90, 4.90, 4.90, 4.90, 3900
07/27/11, 5.25, 5.25, 5.25, 5.25, 93800
07/26/11, 5.25, 5.25, 5.25, 5.25, 38500
07/25/11, 5.10, 5.10, 5.10, 5.10, 19000
07/22/11, 5.00, 5.00, 5.00, 5.00, 41600
07/21/11, 5.10, 5.10, 5.10, 5.10, 44500
07/20/11, 5.00, 5.00, 5.00, 5.00, 110400
07/19/11, 4.70, 4.70, 4.70, 4.70, 22300
07/18/11, 4.35, 4.35, 4.35, 4.35, 40200
07/15/11, 4.40, 4.40, 4.40, 4.40, 45200
07/14/11, 4.80, 4.80, 4.80, 4.80, 15200
07/13/11, 4.80, 4.80, 4.80, 4.80, 20700
07/12/11, 4.95, 4.95, 4.95, 4.95, 7400
07/11/11, 4.95, 4.95, 4.95, 4.95, 12100
07/08/11, 4.95, 4.95, 4.95, 4.95, 11700
07/07/11, 4.95, 4.95, 4.95, 4.95, 5700
07/06/11, 5.00, 5.00, 5.00, 5.00, 15200
07/05/11, 5.05, 5.05, 5.05, 5.05, 32700
07/04/11, 5.10, 5.10, 5.10, 5.10, 28000
07/01/11, 5.10, 5.10, 5.10, 5.10, 8900
06/30/11, 5.20, 5.20, 5.20, 5.20, 31400
06/29/11, 5.20, 5.20, 5.20, 5.20, 26400
06/28/11, 5.25, 5.25, 5.25, 5.25, 16200
06/27/11, 5.25, 5.25, 5.25, 5.25, 20200
06/24/11, 5.25, 5.25, 5.25, 5.25, 4200
06/23/11, 5.30, 5.30, 5.30, 5.30, 12000
06/22/11, 5.40, 5.40, 5.40, 5.40, 24400
06/21/11, 5.50, 5.50, 5.50, 5.50, 8900
06/20/11, 5.50, 5.50, 5.50, 5.50, 3800
06/17/11, 5.50, 5.50, 5.50, 5.50, 37100
06/16/11, 5.50, 5.50, 5.50, 5.50, 13000
06/15/11, 5.60, 5.60, 5.60, 5.60, 5300
06/14/11, 5.50, 5.50, 5.50, 5.50, 85500
06/13/11, 5.60, 5.60, 5.60, 5.60, 5200
06/10/11, 5.60, 5.60, 5.60, 5.60, 3500
06/09/11, 5.55, 5.55, 5.55, 5.55, 12500
06/08/11, 5.95, 5.95, 5.95, 5.95, 7100
06/07/11, 5.95, 5.95, 5.95, 5.95, 18000
06/06/11, 5.90, 5.90, 5.90, 5.90, 22500
06/03/11, 5.70, 5.70, 5.70, 5.70, 15900
06/02/11, 5.65, 5.65, 5.65, 5.65, 113300
05/31/11, 5.75, 5.75, 5.75, 5.75, 5700
05/30/11, 5.90, 5.90, 5.90, 5.90, 8400
05/27/11, 6.00, 6.00, 6.00, 6.00, 8300
05/26/11, 5.60, 5.60, 5.60, 5.60, 8000
05/25/11, 5.60, 5.60, 5.60, 5.60, 9300
05/24/11, 5.50, 5.50, 5.50, 5.50, 6300
05/23/11, 5.50, 5.50, 5.50, 5.50, 9600
05/20/11, 6.00, 6.00, 6.00, 6.00, 52100
05/19/11, 6.05, 6.05, 6.05, 6.05, 6000
05/18/11, 6.05, 6.05, 6.05, 6.05, 1700
05/17/11, 6.05, 6.05, 6.05, 6.05, 15100
05/16/11, 6.10, 6.10, 6.10, 6.10, 17600
05/13/11, 6.05, 6.05, 6.05, 6.05, 16200
05/12/11, 6.10, 6.10, 6.10, 6.10, 17100
05/11/11, 6.10, 6.10, 6.10, 6.10, 12600
05/10/11, 6.10, 6.10, 6.10, 6.10, 14900
05/09/11, 6.05, 6.05, 6.05, 6.05, 32800
05/06/11, 6.05, 6.05, 6.05, 6.05, 11100
05/05/11, 6.25, 6.25, 6.25, 6.25, 14400
05/04/11, 6.60, 6.60, 6.60, 6.60, 4000
05/03/11, 6.45, 6.45, 6.45, 6.45, 8800
04/29/11, 6.40, 6.40, 6.40, 6.40, 37500
04/28/11, 6.00, 6.00, 6.00, 6.00, 9700
04/27/11, 6.00, 6.00, 6.00, 6.00, 21800
04/26/11, 5.70, 5.70, 5.70, 5.70, 13000
04/21/11, 5.70, 5.70, 5.70, 5.70, 4300
04/20/11, 5.50, 5.50, 5.50, 5.50, 6200
04/19/11, 5.60, 5.60, 5.60, 5.60, 16300
04/18/11, 5.65, 5.65, 5.65, 5.65, 6300
04/15/11, 5.70, 5.70, 5.70, 5.70, 12000
04/14/11, 5.80, 5.80, 5.80, 5.80, 13200
04/13/11, 5.85, 5.85, 5.85, 5.85, 21300
04/12/11, 5.90, 5.90, 5.90, 5.90, 18900
04/11/11, 5.95, 5.95, 5.95, 5.95, 19400
04/08/11, 5.80, 5.80, 5.80, 5.80, 7800
04/07/11, 5.75, 5.75, 5.75, 5.75, 15700
04/06/11, 5.70, 5.70, 5.70, 5.70, 40000
04/05/11, 5.60, 5.60, 5.60, 5.60, 48300
04/04/11, 5.50, 5.50, 5.50, 5.50, 13200
04/01/11, 5.45, 5.45, 5.45, 5.45, 7500
03/31/11, 5.25, 5.25, 5.25, 5.25, 2300
03/30/11, 5.25, 5.25, 5.25, 5.25, 24400
03/29/11, 5.50, 5.50, 5.50, 5.50, 4100
03/28/11, 5.55, 5.55, 5.55, 5.55, 4800
03/25/11, 5.40, 5.40, 5.40, 5.40, 27500
03/24/11, 5.65, 5.65, 5.65, 5.65, 5700
03/23/11, 5.70, 5.70, 5.70, 5.70, 22400
03/22/11, 5.75, 5.75, 5.75, 5.75, 28900
03/21/11, 5.85, 5.85, 5.85, 5.85, 8200
03/18/11, 5.85, 5.85, 5.85, 5.85, 2400
03/17/11, 5.90, 5.90, 5.90, 5.90, 10700
03/16/11, 5.95, 5.95, 5.95, 5.95, 5500
03/15/11, 5.75, 5.75, 5.75, 5.75, 26000
03/14/11, 5.90, 5.90, 5.90, 5.90, 29300
03/11/11, 5.95, 5.95, 5.95, 5.95, 7000
03/10/11, 5.85, 5.85, 5.85, 5.85, 11600
03/09/11, 5.60, 5.60, 5.60, 5.60, 19100
03/08/11, 5.95, 5.95, 5.95, 5.95, 9500
03/07/11, 5.95, 5.95, 5.95, 5.95, 4900
03/04/11, 5.95, 5.95, 5.95, 5.95, 8100
03/03/11, 5.70, 5.70, 5.70, 5.70, 15400
03/02/11, 5.75, 5.75, 5.75, 5.75, 22300
03/01/11, 5.80, 5.80, 5.80, 5.80, 5900
02/28/11, 6.05, 6.05, 6.05, 6.05, 17900
02/25/11, 6.20, 6.20, 6.20, 6.20, 6400
02/24/11, 6.15, 6.15, 6.15, 6.15, 15100
02/23/11, 6.20, 6.20, 6.20, 6.20, 33600
02/22/11, 6.25, 6.25, 6.25, 6.25, 24100
02/21/11, 6.35, 6.35, 6.35, 6.35, 49800
02/18/11, 6.55, 6.55, 6.55, 6.55, 6000
02/17/11, 6.55, 6.55, 6.55, 6.55, 900
02/16/11, 6.50, 6.50, 6.50, 6.50, 51400
02/15/11, 6.55, 6.55, 6.55, 6.55, 40300
02/14/11, 6.55, 6.55, 6.55, 6.55, 23100
02/11/11, 6.50, 6.50, 6.50, 6.50, 34200
02/10/11, 6.55, 6.55, 6.55, 6.55, 18200
02/09/11, 6.80, 6.80, 6.80, 6.80, 3100
02/08/11, 6.75, 6.75, 6.75, 6.75, 56200
02/07/11, 6.80, 6.80, 6.80, 6.80, 30100
02/04/11, 6.50, 6.50, 6.50, 6.50, 22900
02/03/11, 6.45, 6.45, 6.45, 6.45, 8700
02/02/11, 6.45, 6.45, 6.45, 6.45, 16100
02/01/11, 6.45, 6.45, 6.45, 6.45, 3800
01/31/11, 6.40, 6.40, 6.40, 6.40, 17700
01/28/11, 6.30, 6.30, 6.30, 6.30, 39800
01/27/11, 6.40, 6.40, 6.40, 6.40, 35100
01/26/11, 6.40, 6.40, 6.40, 6.40, 19800
01/25/11, 6.85, 6.85, 6.85, 6.85, 18300
01/24/11, 6.80, 6.80, 6.80, 6.80, 22500
01/21/11, 6.25, 6.25, 6.25, 6.25, 67100
01/20/11, 6.20, 6.20, 6.20, 6.20, 62900
01/19/11, 6.30, 6.30, 6.30, 6.30, 58100
01/18/11, 6.40, 6.40, 6.40, 6.40, 225100
01/17/11, 6.50, 6.50, 6.50, 6.50, 57200
01/14/11, 7.00, 7.00, 7.00, 7.00, 32700
01/13/11, 7.00, 7.00, 7.00, 7.00, 72000
01/12/11, 7.15, 7.15, 7.15, 7.15, 33300
01/11/11, 7.35, 7.35, 7.35, 7.35, 79600
01/10/11, 7.45, 7.45, 7.45, 7.45, 18200
01/07/11, 7.50, 7.50, 7.50, 7.50, 64600
01/06/11, 7.55, 7.55, 7.55, 7.55, 53900
01/05/11, 7.50, 7.50, 7.50, 7.50, 20200
01/04/11, 7.50, 7.50, 7.50, 7.50, 18800
01/03/11, 7.70, 7.70, 7.70, 7.70, 28500
12/31/10, 7.70, 7.70, 7.70, 7.70, 7100
12/30/10, 7.45, 7.45, 7.45, 7.45, 13400
12/29/10, 7.40, 7.40, 7.40, 7.40, 9400
12/28/10, 7.55, 7.55, 7.55, 7.55, 8900
12/27/10, 7.50, 7.50, 7.50, 7.50, 5100
12/24/10, 7.40, 7.40, 7.40, 7.40, 3900
12/23/10, 7.35, 7.35, 7.35, 7.35, 20100
12/22/10, 7.30, 7.30, 7.30, 7.30, 7400
12/21/10, 7.10, 7.10, 7.10, 7.10, 32000
12/20/10, 6.95, 6.95, 6.95, 6.95, 64800
12/17/10, 7.35, 7.35, 7.35, 7.35, 153800
12/16/10, 7.30, 7.30, 7.30, 7.30, 1600
12/15/10, 7.00, 7.00, 7.00, 7.00, 27700
12/14/10, 6.75, 6.75, 6.75, 6.75, 35600
12/10/10, 6.55, 6.55, 6.55, 6.55, 72800
12/09/10, 6.15, 6.15, 6.15, 6.15, 3500
12/08/10, 6.05, 6.05, 6.05, 6.05, 17600
12/07/10, 5.90, 5.90, 5.90, 5.90, 17600
12/06/10, 5.55, 5.55, 5.55, 5.55, 16300
12/03/10, 5.55, 5.55, 5.55, 5.55, 149300
12/02/10, 5.75, 5.75, 5.75, 5.75, 18500
12/01/10, 5.80, 5.80, 5.80, 5.80, 19900
11/30/10, 5.95, 5.95, 5.95, 5.95, 83800
11/29/10, 6.50, 6.50, 6.50, 6.50, 71000
11/26/10, 6.80, 6.80, 6.80, 6.80, 9900
11/25/10, 6.80, 6.80, 6.80, 6.80, 11300
11/24/10, 6.70, 6.70, 6.70, 6.70, 7800
11/23/10, 6.65, 6.65, 6.65, 6.65, 300
11/22/10, 6.50, 6.50, 6.50, 6.50, 62100
11/19/10, 6.40, 6.40, 6.40, 6.40, 81900
11/18/10, 6.40, 6.40, 6.40, 6.40, 63400
11/17/10, 6.75, 6.75, 6.75, 6.75, 130000
11/16/10, 6.95, 6.95, 6.95, 6.95, 35000
11/15/10, 7.65, 7.65, 7.65, 7.65, 165200
11/12/10, 7.95, 7.95, 7.95, 7.95, 3400
11/11/10, 7.80, 7.80, 7.80, 7.80, 16800
11/10/10, 8.05, 8.05, 8.05, 8.05, 5600
11/09/10, 7.95, 7.95, 7.95, 7.95, 87000
11/08/10, 8.00, 8.00, 8.00, 8.00, 9500
11/05/10, 8.00, 8.00, 8.00, 8.00, 35100
11/04/10, 8.05, 8.05, 8.05, 8.05, 13200
11/03/10, 8.05, 8.05, 8.05, 8.05, 8600
11/02/10, 8.10, 8.10, 8.10, 8.10, 6300
11/01/10, 8.25, 8.25, 8.25, 8.25, 78900
10/29/10, 8.00, 8.00, 8.00, 8.00, 535200
10/28/10, 8.15, 8.15, 8.15, 8.15, 171900
10/27/10, 7.80, 7.80, 7.80, 7.80, 137500
10/26/10, 7.80, 7.80, 7.80, 7.80, 23400
10/25/10, 7.65, 7.65, 7.65, 7.65, 96400
10/22/10, 7.90, 7.90, 7.90, 7.90, 4500
10/21/10, 7.90, 7.90, 7.90, 7.90, 173300
10/19/10, 7.95, 7.95, 7.95, 7.95, 29400
10/18/10, 8.25, 8.25, 8.25, 8.25, 48500
10/15/10, 8.30, 8.30, 8.30, 8.30, 85200
10/14/10, 8.35, 8.35, 8.35, 8.35, 13000
10/13/10, 8.35, 8.35, 8.35, 8.35, 12100
10/12/10, 8.40, 8.40, 8.40, 8.40, 38500
10/11/10, 8.35, 8.35, 8.35, 8.35, 39400
10/08/10, 8.35, 8.35, 8.35, 8.35, 27400
10/07/10, 8.50, 8.50, 8.50, 8.50, 20800
10/06/10, 8.45, 8.45, 8.45, 8.45, 28400
10/05/10, 8.60, 8.60, 8.60, 8.60, 51400
10/04/10, 8.45, 8.45, 8.45, 8.45, 24300
10/01/10, 8.60, 8.60, 8.60, 8.60, 18000
09/30/10, 8.70, 8.70, 8.70, 8.70, 93000
09/29/10, 8.60, 8.60, 8.60, 8.60, 9000
09/28/10, 8.75, 8.75, 8.75, 8.75, 12800
09/27/10, 8.65, 8.65, 8.65, 8.65, 70600
09/24/10, 8.40, 8.40, 8.40, 8.40, 17800
09/23/10, 8.25, 8.25, 8.25, 8.25, 62900
09/22/10, 8.40, 8.40, 8.40, 8.40, 23600
09/21/10, 8.30, 8.30, 8.30, 8.30, 56200
09/20/10, 8.35, 8.35, 8.35, 8.35, 42400
09/17/10, 8.35, 8.35, 8.35, 8.35, 61100
09/16/10, 8.45, 8.45, 8.45, 8.45, 36700
09/15/10, 8.70, 8.70, 8.70, 8.70, 105800
09/14/10, 8.90, 8.90, 8.90, 8.90, 17400
09/13/10, 8.55, 8.55, 8.55, 8.55, 25100
09/10/10, 8.75, 8.75, 8.75, 8.75, 21400
09/09/10, 8.60, 8.60, 8.60, 8.60, 119900
09/08/10, 8.30, 8.30, 8.30, 8.30, 136500
09/07/10, 8.25, 8.25, 8.25, 8.25, 144000
09/06/10, 8.25, 8.25, 8.25, 8.25, 19400
09/03/10, 8.30, 8.30, 8.30, 8.30, 155300
09/02/10, 8.35, 8.35, 8.35, 8.35, 287800
09/01/10, 8.50, 8.50, 8.50, 8.50, 376900
08/31/10, 8.95, 8.95, 8.95, 8.95, 39900
08/30/10, 9.00, 9.00, 9.00, 9.00, 47300
08/26/10, 9.00, 9.00, 9.00, 9.00, 16600
08/25/10, 9.05, 9.05, 9.05, 9.05, 24200
08/24/10, 8.95, 8.95, 8.95, 8.95, 32500
08/23/10, 9.00, 9.00, 9.00, 9.00, 68300
08/20/10, 9.00, 9.00, 9.00, 9.00, 80100
08/19/10, 8.95, 8.95, 8.95, 8.95, 92900
08/18/10, 8.90, 8.90, 8.90, 8.90, 42200
08/17/10, 8.75, 8.75, 8.75, 8.75, 55300
08/16/10, 8.50, 8.50, 8.50, 8.50, 24300
08/13/10, 8.65, 8.65, 8.65, 8.65, 85100
08/12/10, 8.85, 8.85, 8.85, 8.85, 8500
08/11/10, 8.65, 8.65, 8.65, 8.65, 108500
08/10/10, 9.20, 9.20, 9.20, 9.20, 36500
08/09/10, 9.25, 9.25, 9.25, 9.25, 85900
08/06/10, 9.15, 9.15, 9.15, 9.15, 88200
08/05/10, 9.30, 9.30, 9.30, 9.30, 41600
08/03/10, 9.05, 9.05, 9.05, 9.05, 79900
08/02/10, 9.30, 9.30, 9.30, 9.30, 152600
07/30/10, 8.65, 8.65, 8.65, 8.65, 102800
07/29/10, 8.70, 8.70, 8.70, 8.70, 80500
07/28/10, 8.45, 8.45, 8.45, 8.45, 35700
07/27/10, 8.50, 8.50, 8.50, 8.50, 39800
07/26/10, 8.40, 8.40, 8.40, 8.40, 48600
07/23/10, 8.40, 8.40, 8.40, 8.40, 36400
07/22/10, 8.40, 8.40, 8.40, 8.40, 48300
07/21/10, 8.00, 8.00, 8.00, 8.00, 55500
07/20/10, 8.30, 8.30, 8.30, 8.30, 98100
07/19/10, 8.50, 8.50, 8.50, 8.50, 19600
07/16/10, 8.50, 8.50, 8.50, 8.50, 29100
07/15/10, 8.50, 8.50, 8.50, 8.50, 52700
07/14/10, 8.75, 8.75, 8.75, 8.75, 60900
07/13/10, 8.55, 8.55, 8.55, 8.55, 53200
07/12/10, 8.35, 8.35, 8.35, 8.35, 32300
07/09/10, 8.75, 8.75, 8.75, 8.75, 41800
07/08/10, 8.55, 8.55, 8.55, 8.55, 102000
07/07/10, 8.55, 8.55, 8.55, 8.55, 32500
07/06/10, 8.60, 8.60, 8.60, 8.60, 21000
07/05/10, 8.60, 8.60, 8.60, 8.60, 11200
07/02/10, 8.65, 8.65, 8.65, 8.65, 52700
07/01/10, 8.65, 8.65, 8.65, 8.65, 2800
06/30/10, 8.85, 8.85, 8.85, 8.85, 79100
06/29/10, 8.65, 8.65, 8.65, 8.65, 46100
06/28/10, 8.55, 8.55, 8.55, 8.55, 38100
06/25/10, 8.90, 8.90, 8.90, 8.90, 20400
06/24/10, 8.65, 8.65, 8.65, 8.65, 83100
06/23/10, 8.80, 8.80, 8.80, 8.80, 15600
06/22/10, 8.80, 8.80, 8.80, 8.80, 78600
06/21/10, 8.65, 8.65, 8.65, 8.65, 19200
06/18/10, 8.50, 8.50, 8.50, 8.50, 37900
06/17/10, 8.65, 8.65, 8.65, 8.65, 42300
06/16/10, 8.85, 8.85, 8.85, 8.85, 64900
06/15/10, 8.75, 8.75, 8.75, 8.75, 23500
06/14/10, 8.30, 8.30, 8.30, 8.30, 254800
06/11/10, 8.65, 8.65, 8.65, 8.65, 25400
06/10/10, 8.85, 8.85, 8.85, 8.85, 200600
06/09/10, 8.65, 8.65, 8.65, 8.65, 38400
06/08/10, 8.65, 8.65, 8.65, 8.65, 28300
06/07/10, 8.65, 8.65, 8.65, 8.65, 70600
06/04/10, 8.85, 8.85, 8.85, 8.85, 55300
06/03/10, 8.35, 8.35, 8.35, 8.35, 33700
06/02/10, 8.25, 8.25, 8.25, 8.25, 31300
05/31/10, 8.20, 8.20, 8.20, 8.20, 14000
05/28/10, 8.15, 8.15, 8.15, 8.15, 179200
05/27/10, 8.55, 8.55, 8.55, 8.55, 32800
05/26/10, 9.10, 9.10, 9.10, 9.10, 56500
05/25/10, 8.90, 8.90, 8.90, 8.90, 36400
05/24/10, 8.75, 8.75, 8.75, 8.75, 87200
05/21/10, 8.85, 8.85, 8.85, 8.85, 45900
05/20/10, 8.85, 8.85, 8.85, 8.85, 22400
05/19/10, 8.90, 8.90, 8.90, 8.90, 32000
05/18/10, 8.95, 8.95, 8.95, 8.95, 67700
05/17/10, 9.00, 9.00, 9.00, 9.00, 43700
05/14/10, 9.00, 9.00, 9.00, 9.00, 27300
05/13/10, 9.00, 9.00, 9.00, 9.00, 12200
05/12/10, 8.85, 8.85, 8.85, 8.85, 32300
05/11/10, 8.85, 8.85, 8.85, 8.85, 70600
05/10/10, 9.15, 9.15, 9.15, 9.15, 172600
05/07/10, 9.45, 9.45, 9.45, 9.45, 36100
05/06/10, 9.55, 9.55, 9.55, 9.55, 252300
05/05/10, 9.50, 9.50, 9.50, 9.50, 39800
05/04/10, 9.60, 9.60, 9.60, 9.60, 39900
05/03/10, 9.65, 9.65, 9.65, 9.65, 83600
04/30/10, 9.65, 9.65, 9.65, 9.65, 24600
04/29/10, 9.50, 9.50, 9.50, 9.50, 31400
04/28/10, 9.45, 9.45, 9.45, 9.45, 137600
04/27/10, 9.25, 9.25, 9.25, 9.25, 330600
04/26/10, 9.45, 9.45, 9.45, 9.45, 156600
04/23/10, 9.00, 9.00, 9.00, 9.00, 65700
04/22/10, 8.80, 8.80, 8.80, 8.80, 244800
04/21/10, 8.95, 8.95, 8.95, 8.95, 315800
04/20/10, 9.00, 9.00, 9.00, 9.00, 247900
04/19/10, 9.25, 9.25, 9.25, 9.25, 161600
04/16/10, 9.50, 9.50, 9.50, 9.50, 517700
04/15/10, 9.40, 9.40, 9.40, 9.40, 63600
04/14/10, 9.55, 9.55, 9.55, 9.55, 333200
04/13/10, 9.90, 9.90, 9.90, 9.90, 98200
04/12/10, 10.05, 10.05, 10.05, 10.05, 58100
04/09/10, 10.05, 10.05, 10.05, 10.05, 110800
04/08/10, 10.15, 10.15, 10.15, 10.15, 226300
04/07/10, 10.15, 10.15, 10.15, 10.15, 72700
04/06/10, 9.95, 9.95, 9.95, 9.95, 173700
04/01/10, 9.90, 9.90, 9.90, 9.90, 418900
03/31/10, 9.50, 9.50, 9.50, 9.50, 122400
03/30/10, 9.50, 9.50, 9.50, 9.50, 172300
03/29/10, 9.40, 9.40, 9.40, 9.40, 334800
03/26/10, 9.20, 9.20, 9.20, 9.20, 101400
03/25/10, 9.25, 9.25, 9.25, 9.25, 37200
03/24/10, 9.15, 9.15, 9.15, 9.15, 130200
03/23/10, 9.20, 9.20, 9.20, 9.20, 163100
03/22/10, 8.90, 8.90, 8.90, 8.90, 100300
03/19/10, 8.65, 8.65, 8.65, 8.65, 183600
03/18/10, 9.30, 9.30, 9.30, 9.30, 109600
03/17/10, 9.35, 9.35, 9.35, 9.35, 195600
03/16/10, 9.50, 9.50, 9.50, 9.50, 198100
03/15/10, 9.15, 9.15, 9.15, 9.15, 210600
03/12/10, 8.75, 8.75, 8.75, 8.75, 122700
03/11/10, 8.70, 8.70, 8.70, 8.70, 114100
03/10/10, 8.70, 8.70, 8.70, 8.70, 143600
03/09/10, 8.85, 8.85, 8.85, 8.85, 502800
03/08/10, 8.70, 8.70, 8.70, 8.70, 271700
03/05/10, 8.05, 8.05, 8.05, 8.05, 640900
03/04/10, 7.55, 7.55, 7.55, 7.55, 206900
03/03/10, 7.40, 7.40, 7.40, 7.40, 165300
03/02/10, 6.85, 6.85, 6.85, 6.85, 237700
03/01/10, 6.85, 6.85, 6.85, 6.85, 184200
02/26/10, 6.55, 6.55, 6.55, 6.55, 89100
02/25/10, 6.60, 6.60, 6.60, 6.60, 256600
02/24/10, 6.60, 6.60, 6.60, 6.60, 15500
02/23/10, 6.50, 6.50, 6.50, 6.50, 9800
02/22/10, 6.55, 6.55, 6.55, 6.55, 27500
02/19/10, 6.40, 6.40, 6.40, 6.40, 72500
02/18/10, 6.25, 6.25, 6.25, 6.25, 46000
02/17/10, 6.00, 6.00, 6.00, 6.00, 15400
02/16/10, 6.05, 6.05, 6.05, 6.05, 58200
02/15/10, 6.30, 6.30, 6.30, 6.30, 24300
02/12/10, 6.45, 6.45, 6.45, 6.45, 26100
02/11/10, 6.40, 6.40, 6.40, 6.40, 32800
02/10/10, 6.15, 6.15, 6.15, 6.15, 65400
02/09/10, 6.20, 6.20, 6.20, 6.20, 24400
02/08/10, 6.60, 6.60, 6.60, 6.60, 23300
02/05/10, 6.65, 6.65, 6.65, 6.65, 86600
02/04/10, 6.55, 6.55, 6.55, 6.55, 64600
02/03/10, 6.05, 6.05, 6.05, 6.05, 95400
02/02/10, 5.95, 5.95, 5.95, 5.95, 18200
02/01/10, 5.70, 5.70, 5.70, 5.70, 23400
01/29/10, 5.75, 5.75, 5.75, 5.75, 19500
01/28/10, 5.65, 5.65, 5.65, 5.65, 88900
01/27/10, 5.55, 5.55, 5.55, 5.55, 21000
01/26/10, 5.60, 5.60, 5.60, 5.60, 30000
01/25/10, 5.65, 5.65, 5.65, 5.65, 56500
01/22/10, 5.50, 5.50, 5.50, 5.50, 34400
01/21/10, 5.60, 5.60, 5.60, 5.60, 72200
01/20/10, 5.70, 5.70, 5.70, 5.70, 21200
01/19/10, 5.25, 5.25, 5.25, 5.25, 39700
01/18/10, 5.15, 5.15, 5.15, 5.15, 47600
01/15/10, 5.00, 5.00, 5.00, 5.00, 173800
01/14/10, 5.00, 5.00, 5.00, 5.00, 122600
01/13/10, 5.00, 5.00, 5.00, 5.00, 116200
01/12/10, 4.95, 4.95, 4.95, 4.95, 9300
01/11/10, 5.00, 5.00, 5.00, 5.00, 53100
01/08/10, 5.00, 5.00, 5.00, 5.00, 3600
01/07/10, 5.05, 5.05, 5.05, 5.05, 48100
01/06/10, 5.00, 5.00, 5.00, 5.00, 49100
01/05/10, 5.05, 5.05, 5.05, 5.05, 16200
01/04/10, 5.05, 5.05, 5.05, 5.05, 1600
12/31/09, 5.00, 5.00, 5.00, 5.00, 113500
12/30/09, 5.00, 5.00, 5.00, 5.00, 18500
12/29/09, 5.10, 5.10, 5.10, 5.10, 9000
12/28/09, 5.00, 5.00, 5.00, 5.00, 3000
12/24/09, 5.00, 5.00, 5.00, 5.00, 5700
12/23/09, 4.75, 4.75, 4.75, 4.75, 986600
12/22/09, 4.90, 4.90, 4.90, 4.90, 1700
12/21/09, 4.90, 4.90, 4.90, 4.90, 25800
12/18/09, 4.90, 4.90, 4.90, 4.90, 3100
12/17/09, 4.50, 4.50, 4.50, 4.50, 300900
12/16/09, 4.85, 4.85, 4.85, 4.85, 37600
12/15/09, 4.95, 4.95, 4.95, 4.95, 5400
12/14/09, 4.95, 4.95, 4.95, 4.95, 5300
12/11/09, 5.00, 5.00, 5.00, 5.00, 33700
12/10/09, 4.95, 4.95, 4.95, 4.95, 3500
12/09/09, 4.95, 4.95, 4.95, 4.95, 800
12/08/09, 4.85, 4.85, 4.85, 4.85, 24100
12/07/09, 4.90, 4.90, 4.90, 4.90, 14200
12/04/09, 4.95, 4.95, 4.95, 4.95, 7600
12/03/09, 5.00, 5.00, 5.00, 5.00, 42100
12/02/09, 4.95, 4.95, 4.95, 4.95, 41300
12/01/09, 4.90, 4.90, 4.90, 4.90, 5200
11/30/09, 4.95, 4.95, 4.95, 4.95, 1600
11/27/09, 4.95, 4.95, 4.95, 4.95, 2000
11/26/09, 4.95, 4.95, 4.95, 4.95, 5800
11/25/09, 4.95, 4.95, 4.95, 4.95, 21800
11/24/09, 5.00, 5.00, 5.00, 5.00, 14600
11/23/09, 5.00, 5.00, 5.00, 5.00, 28700
11/20/09, 5.00, 5.00, 5.00, 5.00, 41700
11/19/09, 5.00, 5.00, 5.00, 5.00, 60300
11/18/09, 5.00, 5.00, 5.00, 5.00, 17500
11/17/09, 5.00, 5.00, 5.00, 5.00, 113300
11/16/09, 5.00, 5.00, 5.00, 5.00, 1200
11/13/09, 5.00, 5.00, 5.00, 5.00, 40800
11/12/09, 4.95, 4.95, 4.95, 4.95, 28100
11/11/09, 4.95, 4.95, 4.95, 4.95, 19500
11/10/09, 5.00, 5.00, 5.00, 5.00, 3000
11/09/09, 4.85, 4.85, 4.85, 4.85, 43100
11/06/09, 4.85, 4.85, 4.85, 4.85, 1300
11/05/09, 5.00, 5.00, 5.00, 5.00, 40000
11/04/09, 5.00, 5.00, 5.00, 5.00, 14000
11/03/09, 4.75, 4.75, 4.75, 4.75, 21600
11/02/09, 4.85, 4.85, 4.85, 4.85, 30900
10/30/09, 4.80, 4.80, 4.80, 4.80, 640300
10/29/09, 4.90, 4.90, 4.90, 4.90, 3800
10/28/09, 4.80, 4.80, 4.80, 4.80, 650900
10/27/09, 4.90, 4.90, 4.90, 4.90, 25500
10/26/09, 4.95, 4.95, 4.95, 4.95, 5500
10/23/09, 4.90, 4.90, 4.90, 4.90, 3400
10/22/09, 4.75, 4.75, 4.75, 4.75, 4600
10/21/09, 4.80, 4.80, 4.80, 4.80, 17600
10/19/09, 4.95, 4.95, 4.95, 4.95, 5100
10/16/09, 4.85, 4.85, 4.85, 4.85, 14200
10/15/09, 4.80, 4.80, 4.80, 4.80, 103800
10/14/09, 4.95, 4.95, 4.95, 4.95, 1500
10/13/09, 4.95, 4.95, 4.95, 4.95, 1600
10/12/09, 5.00, 5.00, 5.00, 5.00, 16300
10/09/09, 4.95, 4.95, 4.95, 4.95, 3000
10/08/09, 4.85, 4.85, 4.85, 4.85, 8800
10/07/09, 5.00, 5.00, 5.00, 5.00, 18500
10/06/09, 5.00, 5.00, 5.00, 5.00, 2700
10/05/09, 4.95, 4.95, 4.95, 4.95, 10000
10/02/09, 5.00, 5.00, 5.00, 5.00, 118700
10/01/09, 5.00, 5.00, 5.00, 5.00, 11700
09/30/09, 5.05, 5.05, 5.05, 5.05, 5600
09/29/09, 5.00, 5.00, 5.00, 5.00, 16600
09/28/09, 5.00, 5.00, 5.00, 5.00, 3200
09/25/09, 5.00, 5.00, 5.00, 5.00, 19900
09/24/09, 5.00, 5.00, 5.00, 5.00, 5500
09/23/09, 4.95, 4.95, 4.95, 4.95, 47500
09/22/09, 5.20, 5.20, 5.20, 5.20, 9400
09/18/09, 4.80, 4.80, 4.80, 4.80, 60900
09/17/09, 5.10, 5.10, 5.10, 5.10, 7700
09/16/09, 5.10, 5.10, 5.10, 5.10, 3700
09/15/09, 5.20, 5.20, 5.20, 5.20, 18500
09/14/09, 4.80, 4.80, 4.80, 4.80, 38700
09/11/09, 5.00, 5.00, 5.00, 5.00, 1800
09/10/09, 5.00, 5.00, 5.00, 5.00, 43400
09/09/09, 4.95, 4.95, 4.95, 4.95, 26900
09/08/09, 5.00, 5.00, 5.00, 5.00, 86100
09/07/09, 5.00, 5.00, 5.00, 5.00, 142600
09/04/09, 5.00, 5.00, 5.00, 5.00, 26800
09/03/09, 5.00, 5.00, 5.00, 5.00, 26200
09/02/09, 4.95, 4.95, 4.95, 4.95, 2400
09/01/09, 4.85, 4.85, 4.85, 4.85, 4000
08/31/09, 4.90, 4.90, 4.90, 4.90, 6400
08/28/09, 4.80, 4.80, 4.80, 4.80, 127600
08/27/09, 4.80, 4.80, 4.80, 4.80, 398600
08/26/09, 5.00, 5.00, 5.00, 5.00, 35000
08/24/09, 5.00, 5.00, 5.00, 5.00, 32900
08/21/09, 5.00, 5.00, 5.00, 5.00, 64800
08/20/09, 5.00, 5.00, 5.00, 5.00, 117000
08/19/09, 5.00, 5.00, 5.00, 5.00, 80800
08/18/09, 5.10, 5.10, 5.10, 5.10, 97600
08/17/09, 5.10, 5.10, 5.10, 5.10, 14300
08/14/09, 5.10, 5.10, 5.10, 5.10, 370400
08/13/09, 5.05, 5.05, 5.05, 5.05, 14500
08/12/09, 5.05, 5.05, 5.05, 5.05, 26600
08/11/09, 5.10, 5.10, 5.10, 5.10, 200800
08/10/09, 5.05, 5.05, 5.05, 5.05, 11300
08/07/09, 5.05, 5.05, 5.05, 5.05, 6000
08/06/09, 5.10, 5.10, 5.10, 5.10, 13400
08/05/09, 5.10, 5.10, 5.10, 5.10, 56900
08/04/09, 5.10, 5.10, 5.10, 5.10, 38100
08/03/09, 5.10, 5.10, 5.10, 5.10, 37700
07/31/09, 5.10, 5.10, 5.10, 5.10, 27400
07/30/09, 5.15, 5.15, 5.15, 5.15, 25700
07/29/09, 5.20, 5.20, 5.20, 5.20, 127700
07/28/09, 5.00, 5.00, 5.00, 5.00, 55900
07/27/09, 5.00, 5.00, 5.00, 5.00, 211000
07/24/09, 5.00, 5.00, 5.00, 5.00, 53300
07/23/09, 5.00, 5.00, 5.00, 5.00, 40000
07/22/09, 5.00, 5.00, 5.00, 5.00, 157800
07/21/09, 4.95, 4.95, 4.95, 4.95, 7300
07/20/09, 5.00, 5.00, 5.00, 5.00, 111100
07/17/09, 5.00, 5.00, 5.00, 5.00, 11900
07/16/09, 5.00, 5.00, 5.00, 5.00, 71000
07/15/09, 5.00, 5.00, 5.00, 5.00, 25800
07/14/09, 5.05, 5.05, 5.05, 5.05, 18100
07/13/09, 5.05, 5.05, 5.05, 5.05, 24600
07/10/09, 5.10, 5.10, 5.10, 5.10, 71200
07/09/09, 5.10, 5.10, 5.10, 5.10, 32000
07/08/09, 5.10, 5.10, 5.10, 5.10, 17600
07/07/09, 5.15, 5.15, 5.15, 5.15, 13500
07/06/09, 5.15, 5.15, 5.15, 5.15, 36800
07/03/09, 5.20, 5.20, 5.20, 5.20, 3200
07/02/09, 5.20, 5.20, 5.20, 5.20, 33100
07/01/09, 5.15, 5.15, 5.15, 5.15, 29600
06/30/09, 5.20, 5.20, 5.20, 5.20, 31900
06/29/09, 5.25, 5.25, 5.25, 5.25, 7400
06/26/09, 5.35, 5.35, 5.35, 5.35, 2300
06/25/09, 5.25, 5.25, 5.25, 5.25, 20100
06/24/09, 5.35, 5.35, 5.35, 5.35, 25300
06/23/09, 5.30, 5.30, 5.30, 5.30, 68100
06/22/09, 5.20, 5.20, 5.20, 5.20, 39300
06/19/09, 5.05, 5.05, 5.05, 5.05, 76800
06/18/09, 5.00, 5.00, 5.00, 5.00, 235800
06/17/09, 5.00, 5.00, 5.00, 5.00, 500100
06/16/09, 5.00, 5.00, 5.00, 5.00, 352900
06/15/09, 5.00, 5.00, 5.00, 5.00, 356700
06/12/09, 5.25, 5.25, 5.25, 5.25, 15800
06/11/09, 5.00, 5.00, 5.00, 5.00, 419000
06/10/09, 5.15, 5.15, 5.15, 5.15, 38900
06/09/09, 5.15, 5.15, 5.15, 5.15, 15200
06/08/09, 5.20, 5.20, 5.20, 5.20, 7200
06/05/09, 5.25, 5.25, 5.25, 5.25, 3300
06/04/09, 5.20, 5.20, 5.20, 5.20, 43800
06/03/09, 5.35, 5.35, 5.35, 5.35, 7100
06/02/09, 5.40, 5.40, 5.40, 5.40, 11700
05/29/09, 5.40, 5.40, 5.40, 5.40, 900
05/28/09, 4.95, 4.95, 4.95, 4.95, 247400
05/27/09, 5.30, 5.30, 5.30, 5.30, 15900
05/26/09, 5.20, 5.20, 5.20, 5.20, 9500
05/25/09, 5.50, 5.50, 5.50, 5.50, 7100
05/22/09, 5.50, 5.50, 5.50, 5.50, 14200
05/21/09, 5.60, 5.60, 5.60, 5.60, 32100
05/20/09, 5.45, 5.45, 5.45, 5.45, 19900
05/19/09, 5.65, 5.65, 5.65, 5.65, 2500
05/18/09, 5.30, 5.30, 5.30, 5.30, 4200
05/15/09, 5.55, 5.55, 5.55, 5.55, 96500
05/14/09, 5.70, 5.70, 5.70, 5.70, 13200
05/13/09, 5.70, 5.70, 5.70, 5.70, 9000
05/12/09, 5.60, 5.60, 5.60, 5.60, 7100
05/11/09, 5.90, 5.90, 5.90, 5.90, 10600
05/08/09, 5.85, 5.85, 5.85, 5.85, 3500
05/07/09, 5.70, 5.70, 5.70, 5.70, 1100
05/06/09, 5.95, 5.95, 5.95, 5.95, 500
05/05/09, 5.65, 5.65, 5.65, 5.65, 40200
05/04/09, 5.50, 5.50, 5.50, 5.50, 11200
04/30/09, 5.55, 5.55, 5.55, 5.55, 4000
04/29/09, 5.50, 5.50, 5.50, 5.50, 8100
04/28/09, 5.60, 5.60, 5.60, 5.60, 6600
04/24/09, 5.45, 5.45, 5.45, 5.45, 5700
04/23/09, 5.45, 5.45, 5.45, 5.45, 26400
04/22/09, 5.00, 5.00, 5.00, 5.00, 800
04/21/09, 5.40, 5.40, 5.40, 5.40, 3500
04/20/09, 5.50, 5.50, 5.50, 5.50, 6000
04/16/09, 5.00, 5.00, 5.00, 5.00, 900
04/15/09, 5.00, 5.00, 5.00, 5.00, 1000
04/14/09, 5.00, 5.00, 5.00, 5.00, 17200
04/09/09, 5.00, 5.00, 5.00, 5.00, 23600
04/08/09, 4.85, 4.85, 4.85, 4.85, 8300
04/07/09, 4.70, 4.70, 4.70, 4.70, 4520
04/06/09, 4.50, 4.50, 4.50, 4.50, 69800
04/03/09, 4.55, 4.55, 4.55, 4.55, 2400
04/02/09, 4.40, 4.40, 4.40, 4.40, 139700
04/01/09, 4.75, 4.75, 4.75, 4.75, 5000
03/31/09, 4.85, 4.85, 4.85, 4.85, 7100
03/30/09, 4.90, 4.90, 4.90, 4.90, 2500
03/27/09, 4.85, 4.85, 4.85, 4.85, 1700
03/26/09, 4.95, 4.95, 4.95, 4.95, 3000
03/25/09, 4.55, 4.55, 4.55, 4.55, 16500
03/23/09, 4.65, 4.65, 4.65, 4.65, 3500
03/20/09, 4.50, 4.50, 4.50, 4.50, 27800
03/19/09, 4.95, 4.95, 4.95, 4.95, 6200
03/18/09, 4.60, 4.60, 4.60, 4.60, 2700
03/17/09, 4.50, 4.50, 4.50, 4.50, 56800
03/16/09, 4.50, 4.50, 4.50, 4.50, 200
03/13/09, 4.45, 4.45, 4.45, 4.45, 7600
03/12/09, 4.50, 4.50, 4.50, 4.50, 24000
03/11/09, 4.40, 4.40, 4.40, 4.40, 10400
03/10/09, 4.55, 4.55, 4.55, 4.55, 1900
03/09/09, 4.60, 4.60, 4.60, 4.60, 700
03/06/09, 4.50, 4.50, 4.50, 4.50, 10800
03/05/09, 4.80, 4.80, 4.80, 4.80, 31100
03/04/09, 4.80, 4.80, 4.80, 4.80, 1500
03/03/09, 4.70, 4.70, 4.70, 4.70, 100
03/02/09, 4.65, 4.65, 4.65, 4.65, 1700
02/27/09, 4.70, 4.70, 4.70, 4.70, 3400
02/26/09, 4.75, 4.75, 4.75, 4.75, 11200
02/25/09, 5.10, 5.10, 5.10, 5.10, 300
02/24/09, 5.05, 5.05, 5.05, 5.05, 13400
02/23/09, 5.35, 5.35, 5.35, 5.35, 2600
02/20/09, 5.35, 5.35, 5.35, 5.35, 30500
02/19/09, 5.10, 5.10, 5.10, 5.10, 2200
02/18/09, 5.05, 5.05, 5.05, 5.05, 3000
02/17/09, 4.90, 4.90, 4.90, 4.90, 2800
02/16/09, 4.80, 4.80, 4.80, 4.80, 625
02/13/09, 4.60, 4.60, 4.60, 4.60, 100
02/12/09, 4.35, 4.35, 4.35, 4.35, 5600
02/11/09, 4.50, 4.50, 4.50, 4.50, 900
02/10/09, 4.35, 4.35, 4.35, 4.35, 10900
02/09/09, 4.65, 4.65, 4.65, 4.65, 7600
02/06/09, 5.00, 5.00, 5.00, 5.00, 7100
02/05/09, 4.80, 4.80, 4.80, 4.80, 5500
02/04/09, 5.30, 5.30, 5.30, 5.30, 27300
02/03/09, 5.50, 5.50, 5.50, 5.50, 3000
02/02/09, 5.60, 5.60, 5.60, 5.60, 500
01/30/09, 5.90, 5.90, 5.90, 5.90, 6500
01/29/09, 6.00, 6.00, 6.00, 6.00, 1800
01/28/09, 5.95, 5.95, 5.95, 5.95, 1000
01/27/09, 5.95, 5.95, 5.95, 5.95, 25200
01/26/09, 5.95, 5.95, 5.95, 5.95, 12430
01/23/09, 6.00, 6.00, 6.00, 6.00, 1100
01/22/09, 6.00, 6.00, 6.00, 6.00, 10900
01/21/09, 6.00, 6.00, 6.00, 6.00, 2375
01/20/09, 6.00, 6.00, 6.00, 6.00, 1220
01/19/09, 5.90, 5.90, 5.90, 5.90, 3400
01/16/09, 5.95, 5.95, 5.95, 5.95, 11700
01/15/09, 6.00, 6.00, 6.00, 6.00, 3200
01/14/09, 6.00, 6.00, 6.00, 6.00, 6100
01/13/09, 5.90, 5.90, 5.90, 5.90, 27300
01/12/09, 6.00, 6.00, 6.00, 6.00, 15200
01/09/09, 6.05, 6.05, 6.05, 6.05, 5800
01/08/09, 5.90, 5.90, 5.90, 5.90, 9500
01/07/09, 5.80, 5.80, 5.80, 5.80, 9700
01/06/09, 5.95, 5.95, 5.95, 5.95, 1550
01/05/09, 5.65, 5.65, 5.65, 5.65, 7300
01/02/09, 5.75, 5.75, 5.75, 5.75, 21100
12/31/08, 6.00, 6.00, 6.00, 6.00, 14800
12/30/08, 6.00, 6.00, 6.00, 6.00, 13500
12/29/08, 6.00, 6.00, 6.00, 6.00, 61100
12/24/08, 6.00, 6.00, 6.00, 6.00, 600
12/23/08, 5.95, 5.95, 5.95, 5.95, 5500
12/22/08, 6.00, 6.00, 6.00, 6.00, 5200
12/19/08, 6.05, 6.05, 6.05, 6.05, 700
12/18/08, 6.00, 6.00, 6.00, 6.00, 4900
12/17/08, 5.80, 5.80, 5.80, 5.80, 1200
12/16/08, 6.05, 6.05, 6.05, 6.05, 20800
12/15/08, 6.05, 6.05, 6.05, 6.05, 9900
12/11/08, 6.50, 6.50, 6.50, 6.50, 8700
12/10/08, 6.10, 6.10, 6.10, 6.10, 100
12/09/08, 6.10, 6.10, 6.10, 6.10, 9400
12/08/08, 6.05, 6.05, 6.05, 6.05, 4400
12/05/08, 6.05, 6.05, 6.05, 6.05, 16400
12/04/08, 6.10, 6.10, 6.10, 6.10, 400
12/03/08, 6.10, 6.10, 6.10, 6.10, 400
12/02/08, 6.10, 6.10, 6.10, 6.10, 400
12/01/08, 6.00, 6.00, 6.00, 6.00, 13200
11/28/08, 5.90, 5.90, 5.90, 5.90, 1050
11/27/08, 6.00, 6.00, 6.00, 6.00, 1500
11/26/08, 6.00, 6.00, 6.00, 6.00, 64800
11/25/08, 6.45, 6.45, 6.45, 6.45, 23200
11/24/08, 6.50, 6.50, 6.50, 6.50, 1000
11/21/08, 6.35, 6.35, 6.35, 6.35, 3600
11/20/08, 6.35, 6.35, 6.35, 6.35, 40200
11/19/08, 6.80, 6.80, 6.80, 6.80, 6440
11/18/08, 6.55, 6.55, 6.55, 6.55, 7200
11/17/08, 6.80, 6.80, 6.80, 6.80, 16500
11/14/08, 6.85, 6.85, 6.85, 6.85, 6900
11/13/08, 6.95, 6.95, 6.95, 6.95, 19300
11/12/08, 6.95, 6.95, 6.95, 6.95, 6700
11/11/08, 6.75, 6.75, 6.75, 6.75, 54700
11/10/08, 6.70, 6.70, 6.70, 6.70, 15000
11/07/08, 6.70, 6.70, 6.70, 6.70, 76000
11/05/08, 6.50, 6.50, 6.50, 6.50, 13100
11/04/08, 5.95, 5.95, 5.95, 5.95, 10350
11/03/08, 5.60, 5.60, 5.60, 5.60, 200
10/31/08, 5.10, 5.10, 5.10, 5.10, 4600
10/30/08, 5.00, 5.00, 5.00, 5.00, 56600
10/29/08, 5.00, 5.00, 5.00, 5.00, 11700
10/28/08, 5.55, 5.55, 5.55, 5.55, 2500
10/27/08, 5.85, 5.85, 5.85, 5.85, 900
10/24/08, 5.95, 5.95, 5.95, 5.95, 950
10/23/08, 5.95, 5.95, 5.95, 5.95, 2800
10/22/08, 6.35, 6.35, 6.35, 6.35, 2100
10/21/08, 6.50, 6.50, 6.50, 6.50, 4100
10/17/08, 6.70, 6.70, 6.70, 6.70, 7600
10/16/08, 6.75, 6.75, 6.75, 6.75, 29900
10/15/08, 6.90, 6.90, 6.90, 6.90, 15900
10/14/08, 6.85, 6.85, 6.85, 6.85, 3700
10/13/08, 6.85, 6.85, 6.85, 6.85, 3162
10/09/08, 7.00, 7.00, 7.00, 7.00, 6900
10/08/08, 6.95, 6.95, 6.95, 6.95, 8100
10/07/08, 7.30, 7.30, 7.30, 7.30, 20100
10/06/08, 7.10, 7.10, 7.10, 7.10, 21100
10/03/08, 6.75, 6.75, 6.75, 6.75, 57500
10/02/08, 7.05, 7.05, 7.05, 7.05, 24000
09/30/08, 7.05, 7.05, 7.05, 7.05, 23500
09/29/08, 7.15, 7.15, 7.15, 7.15, 2100
09/26/08, 7.00, 7.00, 7.00, 7.00, 4900
09/25/08, 6.80, 6.80, 6.80, 6.80, 62000
09/24/08, 7.00, 7.00, 7.00, 7.00, 9200
09/23/08, 6.95, 6.95, 6.95, 6.95, 8200
09/22/08, 7.00, 7.00, 7.00, 7.00, 2500
09/19/08, 7.00, 7.00, 7.00, 7.00, 3400
09/18/08, 7.05, 7.05, 7.05, 7.05, 23250
09/17/08, 7.00, 7.00, 7.00, 7.00, 9100
09/16/08, 7.05, 7.05, 7.05, 7.05, 9800
09/15/08, 7.05, 7.05, 7.05, 7.05, 26100
09/12/08, 7.15, 7.15, 7.15, 7.15, 15050
09/11/08, 7.00, 7.00, 7.00, 7.00, 27700
09/10/08, 7.15, 7.15, 7.15, 7.15, 3300
09/09/08, 7.15, 7.15, 7.15, 7.15, 14000
09/08/08, 7.60, 7.60, 7.60, 7.60, 2035
09/05/08, 7.85, 7.85, 7.85, 7.85, 2900
09/04/08, 7.95, 7.95, 7.95, 7.95, 6600
09/03/08, 7.85, 7.85, 7.85, 7.85, 29700
09/02/08, 7.90, 7.90, 7.90, 7.90, 10300
09/01/08, 8.00, 8.00, 8.00, 8.00, 4700
08/29/08, 8.00, 8.00, 8.00, 8.00, 7600
08/28/08, 8.00, 8.00, 8.00, 8.00, 8500
08/27/08, 8.00, 8.00, 8.00, 8.00, 23400
08/26/08, 8.00, 8.00, 8.00, 8.00, 72000
08/25/08, 7.85, 7.85, 7.85, 7.85, 62910
08/22/08, 8.10, 8.10, 8.10, 8.10, 53667
08/21/08, 8.15, 8.15, 8.15, 8.15, 52700
08/20/08, 8.35, 8.35, 8.35, 8.35, 30500
08/19/08, 8.45, 8.45, 8.45, 8.45, 34516
08/18/08, 8.10, 8.10, 8.10, 8.10, 11190
08/15/08, 7.55, 7.55, 7.55, 7.55, 4700
08/14/08, 7.55, 7.55, 7.55, 7.55, 15115
08/13/08, 7.75, 7.75, 7.75, 7.75, 33300
08/12/08, 7.85, 7.85, 7.85, 7.85, 8745
08/11/08, 7.90, 7.90, 7.90, 7.90, 23100
08/08/08, 7.95, 7.95, 7.95, 7.95, 50100
08/07/08, 8.30, 8.30, 8.30, 8.30, 6300
08/06/08, 8.10, 8.10, 8.10, 8.10, 19600
08/05/08, 8.55, 8.55, 8.55, 8.55, 17300
08/04/08, 8.60, 8.60, 8.60, 8.60, 6100
08/01/08, 8.95, 8.95, 8.95, 8.95, 53000
07/31/08, 8.95, 8.95, 8.95, 8.95, 10900
07/30/08, 8.95, 8.95, 8.95, 8.95, 15000
07/29/08, 8.90, 8.90, 8.90, 8.90, 9900
07/28/08, 9.00, 9.00, 9.00, 9.00, 9100
07/25/08, 9.10, 9.10, 9.10, 9.10, 28150
07/24/08, 8.95, 8.95, 8.95, 8.95, 12159
07/23/08, 8.95, 8.95, 8.95, 8.95, 95500
07/22/08, 8.95, 8.95, 8.95, 8.95, 41800
07/21/08, 9.05, 9.05, 9.05, 9.05, 41250
07/18/08, 9.00, 9.00, 9.00, 9.00, 26500
07/17/08, 8.95, 8.95, 8.95, 8.95, 36800
07/16/08, 9.40, 9.40, 9.40, 9.40, 14950
07/15/08, 9.35, 9.35, 9.35, 9.35, 24900
07/14/08, 9.40, 9.40, 9.40, 9.40, 11800
07/11/08, 9.30, 9.30, 9.30, 9.30, 88800
07/10/08, 9.50, 9.50, 9.50, 9.50, 54000
07/09/08, 9.50, 9.50, 9.50, 9.50, 2900
07/08/08, 9.50, 9.50, 9.50, 9.50, 12000
07/07/08, 9.60, 9.60, 9.60, 9.60, 29100
07/04/08, 9.55, 9.55, 9.55, 9.55, 18900
07/03/08, 9.40, 9.40, 9.40, 9.40, 43550
07/02/08, 9.25, 9.25, 9.25, 9.25, 283300
07/01/08, 9.70, 9.70, 9.70, 9.70, 21200
06/30/08, 9.80, 9.80, 9.80, 9.80, 61700
06/27/08, 9.45, 9.45, 9.45, 9.45, 18200
06/26/08, 9.55, 9.55, 9.55, 9.55, 80500
06/25/08, 9.70, 9.70, 9.70, 9.70, 25000
06/24/08, 9.75, 9.75, 9.75, 9.75, 25950
06/23/08, 9.85, 9.85, 9.85, 9.85, 14600
06/20/08, 9.70, 9.70, 9.70, 9.70, 17400
06/19/08, 9.50, 9.50, 9.50, 9.50, 117500
06/18/08, 9.90, 9.90, 9.90, 9.90, 20270
06/17/08, 10.05, 10.05, 10.05, 10.05, 16300
06/16/08, 10.00, 10.00, 10.00, 10.00, 39000
06/13/08, 10.00, 10.00, 10.00, 10.00, 51700
06/12/08, 10.05, 10.05, 10.05, 10.05, 41000
06/11/08, 10.50, 10.50, 10.50, 10.50, 35979
06/10/08, 10.25, 10.25, 10.25, 10.25, 35543
06/09/08, 11.10, 11.10, 11.10, 11.10, 54500
06/06/08, 11.30, 11.30, 11.30, 11.30, 24000
06/05/08, 11.00, 11.00, 11.00, 11.00, 145400
06/04/08, 10.90, 10.90, 10.90, 10.90, 24000
06/03/08, 10.90, 10.90, 10.90, 10.90, 52500
05/30/08, 10.20, 10.20, 10.20, 10.20, 44300
05/29/08, 9.60, 9.60, 9.60, 9.60, 38240
05/28/08, 9.20, 9.20, 9.20, 9.20, 55296
05/27/08, 9.20, 9.20, 9.20, 9.20, 98600
05/26/08, 10.15, 10.15, 10.15, 10.15, 67688
05/22/08, 10.95, 10.95, 10.95, 10.95, 15000
05/21/08, 10.60, 10.60, 10.60, 10.60, 10121
05/20/08, 10.90, 10.90, 10.90, 10.90, 14400
05/19/08, 11.00, 11.00, 11.00, 11.00, 57500
05/16/08, 11.05, 11.05, 11.05, 11.05, 36900
05/15/08, 11.05, 11.05, 11.05, 11.05, 63500
05/14/08, 11.15, 11.15, 11.15, 11.15, 75238
05/13/08, 11.20, 11.20, 11.20, 11.20, 40200
05/12/08, 11.10, 11.10, 11.10, 11.10, 68500
05/09/08, 11.35, 11.35, 11.35, 11.35, 29800
05/08/08, 11.80, 11.80, 11.80, 11.80, 33000
05/07/08, 12.00, 12.00, 12.00, 12.00, 64200
05/06/08, 12.00, 12.00, 12.00, 12.00, 23755
05/05/08, 11.60, 11.60, 11.60, 11.60, 62100
05/02/08, 11.90, 11.90, 11.90, 11.90, 45900
04/30/08, 11.70, 11.70, 11.70, 11.70, 22150
04/29/08, 11.00, 11.00, 11.00, 11.00, 179100
04/28/08, 11.40, 11.40, 11.40, 11.40, 33100
04/25/08, 11.85, 11.85, 11.85, 11.85, 18100
04/24/08, 11.85, 11.85, 11.85, 11.85, 33500
04/23/08, 11.95, 11.95, 11.95, 11.95, 9600
04/22/08, 11.60, 11.60, 11.60, 11.60, 7000
04/21/08, 11.55, 11.55, 11.55, 11.55, 18550
04/18/08, 11.50, 11.50, 11.50, 11.50, 19500
04/17/08, 12.10, 12.10, 12.10, 12.10, 25300
04/16/08, 12.50, 12.50, 12.50, 12.50, 25600
04/15/08, 12.60, 12.60, 12.60, 12.60, 19735
04/14/08, 12.30, 12.30, 12.30, 12.30, 11700
04/11/08, 11.50, 11.50, 11.50, 11.50, 8200
04/10/08, 11.45, 11.45, 11.45, 11.45, 30100
04/09/08, 11.05, 11.05, 11.05, 11.05, 90000
04/08/08, 11.05, 11.05, 11.05, 11.05, 9700
04/07/08, 11.50, 11.50, 11.50, 11.50, 49750
04/04/08, 10.95, 10.95, 10.95, 10.95, 19800
04/03/08, 10.80, 10.80, 10.80, 10.80, 11000
04/02/08, 10.65, 10.65, 10.65, 10.65, 118950
04/01/08, 10.65, 10.65, 10.65, 10.65, 5000
03/31/08, 10.60, 10.60, 10.60, 10.60, 9010
03/28/08, 11.00, 11.00, 11.00, 11.00, 41900
03/27/08, 10.50, 10.50, 10.50, 10.50, 16500
03/26/08, 10.75, 10.75, 10.75, 10.75, 16800
03/25/08, 11.10, 11.10, 11.10, 11.10, 8650
03/20/08, 10.75, 10.75, 10.75, 10.75, 31500
03/19/08, 10.05, 10.05, 10.05, 10.05, 28300
03/18/08, 9.40, 9.40, 9.40, 9.40, 45940
03/17/08, 10.25, 10.25, 10.25, 10.25, 16500
03/14/08, 11.20, 11.20, 11.20, 11.20, 33972
03/13/08, 12.05, 12.05, 12.05, 12.05, 70040
03/12/08, 12.25, 12.25, 12.25, 12.25, 7000
03/11/08, 12.55, 12.55, 12.55, 12.55, 63550
03/10/08, 13.15, 13.15, 13.15, 13.15, 121400
03/07/08, 13.60, 13.60, 13.60, 13.60, 318100
03/06/08, 13.95, 13.95, 13.95, 13.95, 205700
03/05/08, 13.30, 13.30, 13.30, 13.30, 44486
03/04/08, 12.15, 12.15, 12.15, 12.15, 72687
03/03/08, 11.60, 11.60, 11.60, 11.60, 22300
02/29/08, 11.25, 11.25, 11.25, 11.25, 85900
02/28/08, 10.60, 10.60, 10.60, 10.60, 17600
02/27/08, 10.70, 10.70, 10.70, 10.70, 17900
02/26/08, 11.00, 11.00, 11.00, 11.00, 19298
02/25/08, 10.55, 10.55, 10.55, 10.55, 12900
02/22/08, 10.95, 10.95, 10.95, 10.95, 21300
02/21/08, 10.95, 10.95, 10.95, 10.95, 26900
02/20/08, 11.00, 11.00, 11.00, 11.00, 18100
02/19/08, 11.00, 11.00, 11.00, 11.00, 12600
02/18/08, 11.00, 11.00, 11.00, 11.00, 32000
02/15/08, 10.85, 10.85, 10.85, 10.85, 52500
02/14/08, 10.35, 10.35, 10.35, 10.35, 44000
02/13/08, 10.15, 10.15, 10.15, 10.15, 22200
02/12/08, 10.05, 10.05, 10.05, 10.05, 10800
02/11/08, 10.00, 10.00, 10.00, 10.00, 25300
02/08/08, 9.95, 9.95, 9.95, 9.95, 13000
02/07/08, 9.70, 9.70, 9.70, 9.70, 14000
02/06/08, 9.20, 9.20, 9.20, 9.20, 44100
02/05/08, 9.55, 9.55, 9.55, 9.55, 22500
02/04/08, 9.60, 9.60, 9.60, 9.60, 45500
02/01/08, 10.00, 10.00, 10.00, 10.00, 76800
01/31/08, 9.95, 9.95, 9.95, 9.95, 37700
01/30/08, 10.10, 10.10, 10.10, 10.10, 32200
01/29/08, 10.20, 10.20, 10.20, 10.20, 103100
01/28/08, 10.85, 10.85, 10.85, 10.85, 9800
01/25/08, 10.80, 10.80, 10.80, 10.80, 39400
01/24/08, 11.05, 11.05, 11.05, 11.05, 16600
01/23/08, 10.85, 10.85, 10.85, 10.85, 25300
01/22/08, 11.60, 11.60, 11.60, 11.60, 53100
01/18/08, 11.65, 11.65, 11.65, 11.65, 36400
01/17/08, 11.75, 11.75, 11.75, 11.75, 4900
01/16/08, 11.65, 11.65, 11.65, 11.65, 4100
01/15/08, 11.70, 11.70, 11.70, 11.70, 11400
01/14/08, 11.60, 11.60, 11.60, 11.60, 36200
01/11/08, 12.00, 12.00, 12.00, 12.00, 11450
01/10/08, 11.70, 11.70, 11.70, 11.70, 68500
01/09/08, 11.85, 11.85, 11.85, 11.85, 41000
01/08/08, 12.25, 12.25, 12.25, 12.25, 21900
01/07/08, 12.00, 12.00, 12.00, 12.00, 6200
12/24/07, 12.10, 12.10, 12.10, 12.10, 86100
12/21/07, 11.55, 11.55, 11.55, 11.55, 23850
12/20/07, 11.55, 11.55, 11.55, 11.55, 109500
12/18/07, 11.90, 11.90, 11.90, 11.90, 68450
12/17/07, 12.00, 12.00, 12.00, 12.00, 45150
12/14/07, 12.05, 12.05, 12.05, 12.05, 98700
12/13/07, 12.10, 12.10, 12.10, 12.10, 104547
12/11/07, 11.80, 11.80, 11.80, 11.80, 328647
12/10/07, 10.80, 10.80, 10.80, 10.80, 28400
12/07/07, 11.50, 11.50, 11.50, 11.50, 13700
12/06/07, 11.00, 11.00, 11.00, 11.00, 17300
12/05/07, 10.40, 10.40, 10.40, 10.40, 14800
12/03/07, 11.10, 11.10, 11.10, 11.10, 28220
11/30/07, 10.65, 10.65, 10.65, 10.65, 16900
11/29/07, 10.90, 10.90, 10.90, 10.90, 22000
11/28/07, 10.35, 10.35, 10.35, 10.35, 38550
11/27/07, 10.60, 10.60, 10.60, 10.60, 13200
11/26/07, 11.00, 11.00, 11.00, 11.00, 25300
11/23/07, 10.70, 10.70, 10.70, 10.70, 53500
11/22/07, 10.80, 10.80, 10.80, 10.80, 35400
11/21/07, 11.20, 11.20, 11.20, 11.20, 58500
11/20/07, 10.95, 10.95, 10.95, 10.95, 73200
11/19/07, 10.95, 10.95, 10.95, 10.95, 4335
11/16/07, 10.90, 10.90, 10.90, 10.90, 16200
11/15/07, 10.85, 10.85, 10.85, 10.85, 2650
11/14/07, 11.00, 11.00, 11.00, 11.00, 50450
11/13/07, 10.85, 10.85, 10.85, 10.85, 37200
11/12/07, 10.80, 10.80, 10.80, 10.80, 10400
11/09/07, 10.95, 10.95, 10.95, 10.95, 32675
11/08/07, 10.80, 10.80, 10.80, 10.80, 8500
11/07/07, 10.85, 10.85, 10.85, 10.85, 13800
11/06/07, 10.60, 10.60, 10.60, 10.60, 8400
11/05/07, 10.85, 10.85, 10.85, 10.85, 6600
11/02/07, 10.90, 10.90, 10.90, 10.90, 4900
11/01/07, 10.90, 10.90, 10.90, 10.90, 10800
10/31/07, 11.10, 11.10, 11.10, 11.10, 21900
10/30/07, 11.05, 11.05, 11.05, 11.05, 26700
10/29/07, 11.00, 11.00, 11.00, 11.00, 16500
10/26/07, 10.70, 10.70, 10.70, 10.70, 43300
10/25/07, 10.95, 10.95, 10.95, 10.95, 45700
10/24/07, 11.15, 11.15, 11.15, 11.15, 68600
10/23/07, 11.20, 11.20, 11.20, 11.20, 151700
10/22/07, 11.45, 11.45, 11.45, 11.45, 62500
10/19/07, 11.65, 11.65, 11.65, 11.65, 51200
10/18/07, 11.75, 11.75, 11.75, 11.75, 997900
10/17/07, 10.85, 10.85, 10.85, 10.85, 32800
10/16/07, 10.10, 10.10, 10.10, 10.10, 76434
10/15/07, 9.65, 9.65, 9.65, 9.65, 207900
10/12/07, 10.00, 10.00, 10.00, 10.00, 314200
10/11/07, 10.00, 10.00, 10.00, 10.00, 185200
10/09/07, 10.20, 10.20, 10.20, 10.20, 26400
10/08/07, 11.00, 11.00, 11.00, 11.00, 47550
10/05/07, 11.00, 11.00, 11.00, 11.00, 150300
10/04/07, 11.40, 11.40, 11.40, 11.40, 37703
10/03/07, 11.50, 11.50, 11.50, 11.50, 25650
10/02/07, 11.50, 11.50, 11.50, 11.50, 16500
10/01/07, 11.60, 11.60, 11.60, 11.60, 21697
09/28/07, 11.25, 11.25, 11.25, 11.25, 62400
09/27/07, 11.70, 11.70, 11.70, 11.70, 1027500
09/26/07, 11.60, 11.60, 11.60, 11.60, 178400
09/25/07, 11.80, 11.80, 11.80, 11.80, 159200
09/24/07, 11.95, 11.95, 11.95, 11.95, 17250
09/21/07, 11.95, 11.95, 11.95, 11.95, 88737
09/20/07, 12.25, 12.25, 12.25, 12.25, 34400
09/19/07, 12.35, 12.35, 12.35, 12.35, 84000
09/18/07, 12.05, 12.05, 12.05, 12.05, 169700
09/17/07, 12.45, 12.45, 12.45, 12.45, 14417
09/14/07, 12.45, 12.45, 12.45, 12.45, 40570
09/13/07, 12.60, 12.60, 12.60, 12.60, 80800
09/12/07, 12.80, 12.80, 12.80, 12.80, 21300
09/11/07, 12.55, 12.55, 12.55, 12.55, 95282
09/10/07, 12.65, 12.65, 12.65, 12.65, 67900
09/07/07, 12.95, 12.95, 12.95, 12.95, 54900
09/06/07, 12.95, 12.95, 12.95, 12.95, 25300
09/05/07, 12.70, 12.70, 12.70, 12.70, 41950
09/04/07, 12.75, 12.75, 12.75, 12.75, 3750
09/03/07, 12.35, 12.35, 12.35, 12.35, 136200
08/31/07, 13.25, 13.25, 13.25, 13.25, 31025
08/30/07, 12.95, 12.95, 12.95, 12.95, 46437
08/29/07, 12.90, 12.90, 12.90, 12.90, 4300
08/28/07, 12.85, 12.85, 12.85, 12.85, 6200
08/27/07, 12.95, 12.95, 12.95, 12.95, 9340
08/24/07, 12.85, 12.85, 12.85, 12.85, 857600
08/23/07, 12.90, 12.90, 12.90, 12.90, 26832
08/22/07, 12.90, 12.90, 12.90, 12.90, 55400
08/21/07, 12.75, 12.75, 12.75, 12.75, 106250
08/20/07, 12.70, 12.70, 12.70, 12.70, 44300
08/17/07, 12.65, 12.65, 12.65, 12.65, 70969
08/16/07, 12.80, 12.80, 12.80, 12.80, 14900
08/15/07, 12.90, 12.90, 12.90, 12.90, 23900
08/14/07, 13.00, 13.00, 13.00, 13.00, 10800
08/13/07, 13.00, 13.00, 13.00, 13.00, 26300
08/10/07, 12.85, 12.85, 12.85, 12.85, 45150
08/09/07, 12.75, 12.75, 12.75, 12.75, 19950
08/08/07, 12.85, 12.85, 12.85, 12.85, 64584
08/07/07, 12.45, 12.45, 12.45, 12.45, 154500
08/06/07, 13.20, 13.20, 13.20, 13.20, 94300
08/03/07, 13.40, 13.40, 13.40, 13.40, 18900
08/02/07, 13.40, 13.40, 13.40, 13.40, 29915
08/01/07, 13.70, 13.70, 13.70, 13.70, 63900
07/31/07, 13.90, 13.90, 13.90, 13.90, 84900
07/30/07, 13.90, 13.90, 13.90, 13.90, 124445
07/27/07, 13.00, 13.00, 13.00, 13.00, 146183
07/26/07, 13.00, 13.00, 13.00, 13.00, 23200
07/25/07, 12.90, 12.90, 12.90, 12.90, 80400
07/24/07, 13.00, 13.00, 13.00, 13.00, 155900
07/23/07, 13.00, 13.00, 13.00, 13.00, 58500
07/20/07, 12.80, 12.80, 12.80, 12.80, 70850
07/19/07, 12.80, 12.80, 12.80, 12.80, 99400
07/18/07, 13.15, 13.15, 13.15, 13.15, 47700
07/17/07, 12.80, 12.80, 12.80, 12.80, 14653
07/16/07, 12.70, 12.70, 12.70, 12.70, 6200
07/13/07, 12.80, 12.80, 12.80, 12.80, 6813
07/12/07, 12.85, 12.85, 12.85, 12.85, 394250
07/11/07, 12.95, 12.95, 12.95, 12.95, 12200
07/10/07, 12.35, 12.35, 12.35, 12.35, 229000
07/09/07, 12.95, 12.95, 12.95, 12.95, 53300
07/06/07, 13.00, 13.00, 13.00, 13.00, 41700
07/05/07, 13.00, 13.00, 13.00, 13.00, 22500
07/04/07, 13.35, 13.35, 13.35, 13.35, 18400
07/03/07, 12.95, 12.95, 12.95, 12.95, 16500
07/02/07, 12.85, 12.85, 12.85, 12.85, 15700
06/29/07, 13.00, 13.00, 13.00, 13.00, 173630
06/28/07, 12.95, 12.95, 12.95, 12.95, 31600
06/27/07, 12.80, 12.80, 12.80, 12.80, 39500
06/26/07, 12.60, 12.60, 12.60, 12.60, 6100
06/25/07, 12.60, 12.60, 12.60, 12.60, 5050
06/22/07, 12.50, 12.50, 12.50, 12.50, 32380
06/21/07, 12.60, 12.60, 12.60, 12.60, 15400
06/20/07, 13.00, 13.00, 13.00, 13.00, 84900
06/19/07, 13.40, 13.40, 13.40, 13.40, 4300
06/18/07, 13.40, 13.40, 13.40, 13.40, 4300
06/15/07, 13.45, 13.45, 13.45, 13.45, 31350
06/14/07, 13.40, 13.40, 13.40, 13.40, 102756
06/13/07, 13.40, 13.40, 13.40, 13.40, 109600
06/12/07, 14.00, 14.00, 14.00, 14.00, 59500
06/11/07, 13.95, 13.95, 13.95, 13.95, 44700
06/08/07, 13.10, 13.10, 13.10, 13.10, 8000
06/07/07, 13.45, 13.45, 13.45, 13.45, 63900
06/06/07, 13.40, 13.40, 13.40, 13.40, 25100
06/05/07, 13.30, 13.30, 13.30, 13.30, 3300
06/04/07, 13.55, 13.55, 13.55, 13.55, 19380
05/31/07, 13.10, 13.10, 13.10, 13.10, 35330
05/30/07, 13.15, 13.15, 13.15, 13.15, 106980
05/29/07, 13.05, 13.05, 13.05, 13.05, 12400
05/28/07, 13.00, 13.00, 13.00, 13.00, 220200
05/25/07, 13.00, 13.00, 13.00, 13.00, 1700
05/24/07, 12.60, 12.60, 12.60, 12.60, 53800
05/23/07, 13.15, 13.15, 13.15, 13.15, 21850
05/22/07, 13.05, 13.05, 13.05, 13.05, 78000
05/21/07, 14.00, 14.00, 14.00, 14.00, 10900
05/18/07, 13.00, 13.00, 13.00, 13.00, 15816
05/17/07, 12.70, 12.70, 12.70, 12.70, 261400
05/16/07, 13.45, 13.45, 13.45, 13.45, 7700
05/15/07, 14.00, 14.00, 14.00, 14.00, 74483
05/14/07, 13.75, 13.75, 13.75, 13.75, 112000
05/11/07, 12.95, 12.95, 12.95, 12.95, 19400
05/10/07, 11.95, 11.95, 11.95, 11.95, 138621
05/09/07, 11.25, 11.25, 11.25, 11.25, 308300
05/08/07, 12.20, 12.20, 12.20, 12.20, 172850
05/07/07, 13.10, 13.10, 13.10, 13.10, 119000
05/04/07, 13.20, 13.20, 13.20, 13.20, 6600
05/03/07, 13.50, 13.50, 13.50, 13.50, 41992
05/02/07, 13.45, 13.45, 13.45, 13.45, 51200
04/30/07, 13.50, 13.50, 13.50, 13.50, 41000
04/27/07, 13.80, 13.80, 13.80, 13.80, 37200
04/26/07, 13.80, 13.80, 13.80, 13.80, 14600
04/25/07, 13.55, 13.55, 13.55, 13.55, 5300
04/24/07, 13.75, 13.75, 13.75, 13.75, 32300
04/23/07, 14.20, 14.20, 14.20, 14.20, 97000
04/20/07, 14.95, 14.95, 14.95, 14.95, 69450
04/19/07, 13.70, 13.70, 13.70, 13.70, 67900
04/18/07, 14.00, 14.00, 14.00, 14.00, 9601
04/17/07, 14.25, 14.25, 14.25, 14.25, 9100
04/16/07, 14.15, 14.15, 14.15, 14.15, 20400
04/13/07, 14.00, 14.00, 14.00, 14.00, 27200
04/12/07, 14.90, 14.90, 14.90, 14.90, 25700
04/11/07, 14.50, 14.50, 14.50, 14.50, 16700
04/10/07, 14.90, 14.90, 14.90, 14.90, 8200
04/05/07, 15.00, 15.00, 15.00, 15.00, 40100
04/04/07, 14.90, 14.90, 14.90, 14.90, 7600
04/03/07, 15.15, 15.15, 15.15, 15.15, 33200
04/02/07, 14.65, 14.65, 14.65, 14.65, 26700
03/30/07, 14.45, 14.45, 14.45, 14.45, 186300
03/29/07, 14.05, 14.05, 14.05, 14.05, 9700
03/28/07, 13.00, 13.00, 13.00, 13.00, 60200
03/27/07, 12.95, 12.95, 12.95, 12.95, 43100
03/26/07, 12.40, 12.40, 12.40, 12.40, 19600
03/23/07, 13.00, 13.00, 13.00, 13.00, 57400
03/22/07, 13.95, 13.95, 13.95, 13.95, 99600
03/21/07, 13.10, 13.10, 13.10, 13.10, 52959
03/20/07, 14.15, 14.15, 14.15, 14.15, 56600
03/19/07, 15.00, 15.00, 15.00, 15.00, 140541
03/16/07, 15.00, 15.00, 15.00, 15.00, 36900
03/15/07, 14.90, 14.90, 14.90, 14.90, 66800
03/14/07, 15.00, 15.00, 15.00, 15.00, 11100
03/13/07, 14.30, 14.30, 14.30, 14.30, 51900
03/12/07, 14.05, 14.05, 14.05, 14.05, 44300
03/09/07, 15.05, 15.05, 15.05, 15.05, 38800
03/08/07, 14.90, 14.90, 14.90, 14.90, 94700
03/07/07, 15.55, 15.55, 15.55, 15.55, 21800
03/06/07, 15.80, 15.80, 15.80, 15.80, 30300
03/05/07, 15.85, 15.85, 15.85, 15.85, 13450
03/02/07, 15.40, 15.40, 15.40, 15.40, 25000
03/01/07, 15.80, 15.80, 15.80, 15.80, 21106
02/28/07, 16.25, 16.25, 16.25, 16.25, 57300
02/27/07, 17.10, 17.10, 17.10, 17.10, 68000
02/26/07, 18.75, 18.75, 18.75, 18.75, 25666
02/23/07, 17.90, 17.90, 17.90, 17.90, 128800
02/22/07, 17.20, 17.20, 17.20, 17.20, 233400
02/21/07, 15.70, 15.70, 15.70, 15.70, 25380
02/20/07, 14.30, 14.30, 14.30, 14.30, 49600
02/19/07, 13.00, 13.00, 13.00, 13.00, 83625
02/16/07, 17.90, 17.90, 17.90, 17.90, 25075
02/15/07, 18.00, 18.00, 18.00, 18.00, 404400
02/14/07, 20.00, 20.00, 20.00, 20.00, 141900
02/13/07, 20.25, 20.25, 20.25, 20.25, 206427
02/12/07, 22.50, 22.50, 22.50, 22.50, 148950
02/09/07, 22.00, 22.00, 22.00, 22.00, 121730
02/08/07, 22.00, 22.00, 22.00, 22.00, 32350
02/07/07, 20.75, 20.75, 20.75, 20.75, 40500
02/06/07, 20.00, 20.00, 20.00, 20.00, 27935
02/05/07, 19.50, 19.50, 19.50, 19.50, 120189
02/02/07, 20.00, 20.00, 20.00, 20.00, 60095
02/01/07, 22.00, 22.00, 22.00, 22.00, 48500
01/31/07, 22.25, 22.25, 22.25, 22.25, 33300
01/30/07, 22.50, 22.50, 22.50, 22.50, 49300
01/29/07, 23.25, 23.25, 23.25, 23.25, 56985
01/26/07, 23.75, 23.75, 23.75, 23.75, 98600
01/25/07, 24.50, 24.50, 24.50, 24.50, 132700
01/24/07, 24.75, 24.75, 24.75, 24.75, 289944
01/23/07, 23.50, 23.50, 23.50, 23.50, 84152
01/22/07, 24.00, 24.00, 24.00, 24.00, 89060
01/19/07, 24.75, 24.75, 24.75, 24.75, 188879
01/18/07, 25.00, 25.00, 25.00, 25.00, 85300
01/17/07, 25.00, 25.00, 25.00, 25.00, 72100
01/16/07, 26.25, 26.25, 26.25, 26.25, 84200
01/15/07, 26.75, 26.75, 26.75, 26.75, 150910
01/12/07, 27.50, 27.50, 27.50, 27.50, 642200
01/11/07, 27.75, 27.75, 27.75, 27.75, 70900
01/10/07, 28.50, 28.50, 28.50, 28.50, 188500
01/09/07, 29.50, 29.50, 29.50, 29.50, 1153463
01/08/07, 29.25, 29.25, 29.25, 29.25, 141600
01/05/07, 30.25, 30.25, 30.25, 30.25, 881625
01/04/07, 27.75, 27.75, 27.75, 27.75, 531200
01/03/07, 25.50, 25.50, 25.50, 25.50, 53076
01/02/07, 24.75, 24.75, 24.75, 24.75, 54940
12/29/06, 24.25, 24.25, 24.25, 24.25, 19400
12/28/06, 22.50, 22.50, 22.50, 22.50, 27751
12/27/06, 23.75, 23.75, 23.75, 23.75, 13300
12/22/06, 23.75, 23.75, 23.75, 23.75, 48500
12/21/06, 23.75, 23.75, 23.75, 23.75, 20600
12/20/06, 24.00, 24.00, 24.00, 24.00, 43700
12/19/06, 25.50, 25.50, 25.50, 25.50, 47200
12/18/06, 25.75, 25.75, 25.75, 25.75, 128312
12/15/06, 25.00, 25.00, 25.00, 25.00, 89584
12/14/06, 25.50, 25.50, 25.50, 25.50, 148203
12/13/06, 24.00, 24.00, 24.00, 24.00, 120897
12/11/06, 24.50, 24.50, 24.50, 24.50, 102350
12/08/06, 25.00, 25.00, 25.00, 25.00, 29710
12/07/06, 25.00, 25.00, 25.00, 25.00, 98500
12/06/06, 25.25, 25.25, 25.25, 25.25, 138300
12/05/06, 26.00, 26.00, 26.00, 26.00, 48700
12/04/06, 26.75, 26.75, 26.75, 26.75, 155022
12/01/06, 27.25, 27.25, 27.25, 27.25, 116000
11/30/06, 27.25, 27.25, 27.25, 27.25, 509775
11/29/06, 27.75, 27.75, 27.75, 27.75, 275400
11/28/06, 28.25, 28.25, 28.25, 28.25, 289370
11/27/06, 26.00, 26.00, 26.00, 26.00, 249700
11/24/06, 25.00, 25.00, 25.00, 25.00, 34169
11/23/06, 25.00, 25.00, 25.00, 25.00, 173903
11/22/06, 26.50, 26.50, 26.50, 26.50, 173722
11/21/06, 27.25, 27.25, 27.25, 27.25, 565600
11/20/06, 28.25, 28.25, 28.25, 28.25, 338342
11/17/06, 27.00, 27.00, 27.00, 27.00, 642118
11/16/06, 25.50, 25.50, 25.50, 25.50, 1145357
11/15/06, 27.75, 27.75, 27.75, 27.75, 669465
11/14/06, 25.25, 25.25, 25.25, 25.25, 2519637
11/13/06, 28.00, 28.00, 28.00, 28.00, 129200
11/10/06, 31.00, 31.00, 31.00, 31.00, 93100
11/09/06, 34.25, 34.25, 34.25, 34.25, 882900
11/08/06, 38.00, 38.00, 38.00, 38.00, 3566869
11/07/06, 34.75, 34.75, 34.75, 34.75, 2427257
11/06/06, 32.00, 32.00, 32.00, 32.00, 2147549
11/03/06, 29.25, 29.25, 29.25, 29.25, 4746400
11/02/06, 27.00, 27.00, 27.00, 27.00, 1913456
11/01/06, 24.75, 24.75, 24.75, 24.75, 4796500
10/31/06, 23.00, 23.00, 23.00, 23.00, 7186752
10/30/06, 21.25, 21.25, 21.25, 21.25, 601273
10/27/06, 19.50, 19.50, 19.50, 19.50, 624705
10/26/06, 17.75, 17.75, 17.75, 17.75, 419857
10/25/06, 16.65, 16.65, 16.65, 16.65, 64490
10/23/06, 16.20, 16.20, 16.20, 16.20, 64663
10/19/06, 16.00, 16.00, 16.00, 16.00, 166885
10/18/06, 15.60, 15.60, 15.60, 15.60, 22250
10/17/06, 14.80, 14.80, 14.80, 14.80, 226200
10/16/06, 15.00, 15.00, 15.00, 15.00, 125271
10/13/06, 14.45, 14.45, 14.45, 14.45, 274446
10/12/06, 15.00, 15.00, 15.00, 15.00, 112409
10/11/06, 15.20, 15.20, 15.20, 15.20, 148136
10/09/06, 15.60, 15.60, 15.60, 15.60, 51300
10/06/06, 16.00, 16.00, 16.00, 16.00, 30936
10/05/06, 16.25, 16.25, 16.25, 16.25, 109500
10/04/06, 16.85, 16.85, 16.85, 16.85, 64878
10/03/06, 17.40, 17.40, 17.40, 17.40, 45100
10/02/06, 17.00, 17.00, 17.00, 17.00, 275600
09/29/06, 17.95, 17.95, 17.95, 17.95, 150100
09/28/06, 17.85, 17.85, 17.85, 17.85, 154983
09/27/06, 16.60, 16.60, 16.60, 16.60, 123113
09/26/06, 17.35, 17.35, 17.35, 17.35, 51990
09/25/06, 17.50, 17.50, 17.50, 17.50, 98500
09/22/06, 16.95, 16.95, 16.95, 16.95, 63751
09/21/06, 15.70, 15.70, 15.70, 15.70, 96180
09/20/06, 15.00, 15.00, 15.00, 15.00, 467520
09/19/06, 15.00, 15.00, 15.00, 15.00, 189650
09/18/06, 15.90, 15.90, 15.90, 15.90, 73272
09/15/06, 15.55, 15.55, 15.55, 15.55, 70524
09/14/06, 15.15, 15.15, 15.15, 15.15, 124472
09/13/06, 15.20, 15.20, 15.20, 15.20, 203900
09/12/06, 15.20, 15.20, 15.20, 15.20, 59070
09/11/06, 15.05, 15.05, 15.05, 15.05, 161500
09/08/06, 15.15, 15.15, 15.15, 15.15, 22274
09/07/06, 15.00, 15.00, 15.00, 15.00, 107084
09/06/06, 15.00, 15.00, 15.00, 15.00, 167722
09/05/06, 15.00, 15.00, 15.00, 15.00, 17989
09/04/06, 14.95, 14.95, 14.95, 14.95, 96396
09/01/06, 15.00, 15.00, 15.00, 15.00, 71491
08/31/06, 15.00, 15.00, 15.00, 15.00, 3000
08/30/06, 15.65, 15.65, 15.65, 15.65, 18629
08/29/06, 15.05, 15.05, 15.05, 15.05, 51199
08/28/06, 15.05, 15.05, 15.05, 15.05, 65499
08/25/06, 15.15, 15.15, 15.15, 15.15, 52397
08/24/06, 15.00, 15.00, 15.00, 15.00, 85745
08/23/06, 14.50, 14.50, 14.50, 14.50, 142503
08/22/06, 14.75, 14.75, 14.75, 14.75, 16356
08/21/06, 15.00, 15.00, 15.00, 15.00, 186896
08/18/06, 14.90, 14.90, 14.90, 14.90, 75550
08/17/06, 15.00, 15.00, 15.00, 15.00, 55516
08/16/06, 15.05, 15.05, 15.05, 15.05, 86868
08/15/06, 15.45, 15.45, 15.45, 15.45, 414174
08/14/06, 15.15, 15.15, 15.15, 15.15, 152198
08/11/06, 15.25, 15.25, 15.25, 15.25, 101553
08/10/06, 15.40, 15.40, 15.40, 15.40, 17273
08/09/06, 15.80, 15.80, 15.80, 15.80, 20293
08/08/06, 15.75, 15.75, 15.75, 15.75, 119550
08/07/06, 15.80, 15.80, 15.80, 15.80, 52710
08/04/06, 15.80, 15.80, 15.80, 15.80, 16800
08/03/06, 16.05, 16.05, 16.05, 16.05, 20589
08/02/06, 16.00, 16.00, 16.00, 16.00, 34569
08/01/06, 15.95, 15.95, 15.95, 15.95, 50488
07/31/06, 15.55, 15.55, 15.55, 15.55, 8672
07/28/06, 16.35, 16.35, 16.35, 16.35, 57036
07/27/06, 16.30, 16.30, 16.30, 16.30, 39112
07/26/06, 16.40, 16.40, 16.40, 16.40, 84055
07/25/06, 16.45, 16.45, 16.45, 16.45, 27322
07/24/06, 17.05, 17.05, 17.05, 17.05, 28504
07/21/06, 16.70, 16.70, 16.70, 16.70, 61512
07/20/06, 16.90, 16.90, 16.90, 16.90, 22013
07/19/06, 17.00, 17.00, 17.00, 17.00, 130722
07/18/06, 17.00, 17.00, 17.00, 17.00, 106569
07/17/06, 17.10, 17.10, 17.10, 17.10, 159369
07/14/06, 17.40, 17.40, 17.40, 17.40, 29369
07/13/06, 17.30, 17.30, 17.30, 17.30, 54363
07/12/06, 17.35, 17.35, 17.35, 17.35, 99988
07/11/06, 17.40, 17.40, 17.40, 17.40, 57274
07/10/06, 17.25, 17.25, 17.25, 17.25, 80750
07/07/06, 17.45, 17.45, 17.45, 17.45, 66623
07/06/06, 17.25, 17.25, 17.25, 17.25, 130857
07/05/06, 17.40, 17.40, 17.40, 17.40, 64476
07/04/06, 17.45, 17.45, 17.45, 17.45, 117897
07/03/06, 17.45, 17.45, 17.45, 17.45, 292984
06/30/06, 17.50, 17.50, 17.50, 17.50, 117682
06/29/06, 17.45, 17.45, 17.45, 17.45, 128754
06/28/06, 17.65, 17.65, 17.65, 17.65, 113652
06/27/06, 17.50, 17.50, 17.50, 17.50, 48426
06/26/06, 17.85, 17.85, 17.85, 17.85, 31916
06/23/06, 17.90, 17.90, 17.90, 17.90, 63630
06/22/06, 17.85, 17.85, 17.85, 17.85, 67650
06/21/06, 18.40, 18.40, 18.40, 18.40, 43255
06/20/06, 18.50, 18.50, 18.50, 18.50, 70712
06/19/06, 19.00, 19.00, 19.00, 19.00, 29699
06/16/06, 18.95, 18.95, 18.95, 18.95, 89063
06/15/06, 19.00, 19.00, 19.00, 19.00, 128926
06/14/06, 18.70, 18.70, 18.70, 18.70, 119352
06/13/06, 18.25, 18.25, 18.25, 18.25, 142319
06/12/06, 17.90, 17.90, 17.90, 17.90, 255425
06/09/06, 17.35, 17.35, 17.35, 17.35, 323017
06/08/06, 17.15, 17.15, 17.15, 17.15, 217394
06/07/06, 17.70, 17.70, 17.70, 17.70, 32500
06/06/06, 19.10, 19.10, 19.10, 19.10, 4509
06/05/06, 19.30, 19.30, 19.30, 19.30, 61938
06/02/06, 19.80, 19.80, 19.80, 19.80, 19724
05/31/06, 19.85, 19.85, 19.85, 19.85, 78890
05/30/06, 19.85, 19.85, 19.85, 19.85, 58653
05/29/06, 19.90, 19.90, 19.90, 19.90, 64119
05/25/06, 19.85, 19.85, 19.85, 19.85, 164778
05/24/06, 19.85, 19.85, 19.85, 19.85, 23165
05/23/06, 19.90, 19.90, 19.90, 19.90, 111058
05/22/06, 19.90, 19.90, 19.90, 19.90, 49746
05/19/06, 19.90, 19.90, 19.90, 19.90, 96449
05/18/06, 19.90, 19.90, 19.90, 19.90, 58674
05/17/06, 20.25, 20.25, 20.25, 20.25, 20211
05/16/06, 20.00, 20.00, 20.00, 20.00, 311807
05/15/06, 20.00, 20.00, 20.00, 20.00, 86323
05/12/06, 19.95, 19.95, 19.95, 19.95, 97720
05/11/06, 19.75, 19.75, 19.75, 19.75, 253285
05/10/06, 20.00, 20.00, 20.00, 20.00, 156932
05/09/06, 20.50, 20.50, 20.50, 20.50, 203650
05/08/06, 20.75, 20.75, 20.75, 20.75, 954655
05/05/06, 21.00, 21.00, 21.00, 21.00, 341361
05/04/06, 20.75, 20.75, 20.75, 20.75, 809311
05/03/06, 20.00, 20.00, 20.00, 20.00, 255748
05/02/06, 18.60, 18.60, 18.60, 18.60, 331115
04/28/06, 17.80, 17.80, 17.80, 17.80, 125892
04/27/06, 17.15, 17.15, 17.15, 17.15, 476410
04/26/06, 17.10, 17.10, 17.10, 17.10, 1758000
04/25/06, 17.10, 17.10, 17.10, 17.10, 418446
04/24/06, 17.10, 17.10, 17.10, 17.10, 1005014
04/20/06, 18.95, 18.95, 18.95, 18.95, 37930
04/19/06, 18.50, 18.50, 18.50, 18.50, 27710
04/18/06, 18.50, 18.50, 18.50, 18.50, 17950
04/13/06, 18.50, 18.50, 18.50, 18.50, 5875
04/12/06, 18.50, 18.50, 18.50, 18.50, 10781
04/11/06, 18.65, 18.65, 18.65, 18.65, 17744
04/10/06, 18.25, 18.25, 18.25, 18.25, 129673
04/07/06, 18.20, 18.20, 18.20, 18.20, 52850
04/06/06, 19.40, 19.40, 19.40, 19.40, 115254
04/05/06, 19.45, 19.45, 19.45, 19.45, 75807
04/04/06, 19.90, 19.90, 19.90, 19.90, 41374
04/03/06, 19.50, 19.50, 19.50, 19.50, 78406
03/31/06, 19.50, 19.50, 19.50, 19.50, 62303
03/30/06, 20.00, 20.00, 20.00, 20.00, 26500
03/29/06, 19.85, 19.85, 19.85, 19.85, 45218
03/28/06, 19.65, 19.65, 19.65, 19.65, 31620
03/27/06, 19.50, 19.50, 19.50, 19.50, 5930
03/24/06, 19.50, 19.50, 19.50, 19.50, 137037
03/23/06, 19.50, 19.50, 19.50, 19.50, 169246
03/22/06, 19.50, 19.50, 19.50, 19.50, 74713
03/21/06, 19.45, 19.45, 19.45, 19.45, 53119
03/20/06, 19.75, 19.75, 19.75, 19.75, 45008
03/17/06, 19.80, 19.80, 19.80, 19.80, 59514
03/16/06, 19.90, 19.90, 19.90, 19.90, 56555
03/15/06, 19.20, 19.20, 19.20, 19.20, 90773
03/14/06, 17.65, 17.65, 17.65, 17.65, 95346
03/13/06, 17.15, 17.15, 17.15, 17.15, 63384
03/10/06, 17.15, 17.15, 17.15, 17.15, 48334
03/09/06, 16.90, 16.90, 16.90, 16.90, 131435
03/08/06, 16.85, 16.85, 16.85, 16.85, 307381
03/07/06, 18.60, 18.60, 18.60, 18.60, 35442
03/06/06, 19.85, 19.85, 19.85, 19.85, 91617
03/03/06, 19.70, 19.70, 19.70, 19.70, 52759
03/02/06, 19.95, 19.95, 19.95, 19.95, 86413
03/01/06, 20.00, 20.00, 20.00, 20.00, 109693
02/28/06, 20.00, 20.00, 20.00, 20.00, 212081
02/27/06, 19.60, 19.60, 19.60, 19.60, 135738
02/24/06, 19.60, 19.60, 19.60, 19.60, 212061
02/23/06, 19.60, 19.60, 19.60, 19.60, 193753
02/22/06, 19.70, 19.70, 19.70, 19.70, 18694
02/21/06, 19.35, 19.35, 19.35, 19.35, 50470
02/20/06, 19.55, 19.55, 19.55, 19.55, 44167
02/17/06, 20.00, 20.00, 20.00, 20.00, 177759
02/16/06, 20.00, 20.00, 20.00, 20.00, 521625
02/15/06, 20.50, 20.50, 20.50, 20.50, 19591
02/14/06, 20.25, 20.25, 20.25, 20.25, 73197
02/13/06, 20.50, 20.50, 20.50, 20.50, 144563
02/10/06, 20.25, 20.25, 20.25, 20.25, 109226
02/09/06, 20.50, 20.50, 20.50, 20.50, 33615
02/08/06, 21.00, 21.00, 21.00, 21.00, 32143
02/07/06, 20.75, 20.75, 20.75, 20.75, 62727
02/06/06, 21.50, 21.50, 21.50, 21.50, 39768
02/03/06, 21.25, 21.25, 21.25, 21.25, 52139
02/02/06, 21.75, 21.75, 21.75, 21.75, 81853
02/01/06, 21.75, 21.75, 21.75, 21.75, 30000
01/31/06, 22.00, 22.00, 22.00, 22.00, 106861
01/30/06, 22.00, 22.00, 22.00, 22.00, 66228
01/27/06, 22.00, 22.00, 22.00, 22.00, 207174
01/26/06, 21.75, 21.75, 21.75, 21.75, 59585
01/25/06, 22.00, 22.00, 22.00, 22.00, 120597
01/24/06, 21.75, 21.75, 21.75, 21.75, 130658
01/23/06, 22.00, 22.00, 22.00, 22.00, 295977
01/20/06, 22.00, 22.00, 22.00, 22.00, 925138
01/19/06, 22.25, 22.25, 22.25, 22.25, 372712
01/18/06, 23.00, 23.00, 23.00, 23.00, 568679
01/17/06, 22.25, 22.25, 22.25, 22.25, 636100
01/16/06, 23.25, 23.25, 23.25, 23.25, 80827
01/13/06, 22.50, 22.50, 22.50, 22.50, 240760
01/12/06, 22.00, 22.00, 22.00, 22.00, 309798
01/11/06, 22.00, 22.00, 22.00, 22.00, 182645
01/10/06, 21.75, 21.75, 21.75, 21.75, 96346
01/09/06, 22.25, 22.25, 22.25, 22.25, 183546
01/06/06, 22.00, 22.00, 22.00, 22.00, 89130
01/05/06, 21.75, 21.75, 21.75, 21.75, 600985
01/04/06, 21.75, 21.75, 21.75, 21.75, 28346
01/03/06, 21.75, 21.75, 21.75, 21.75, 59230
12/30/05, 21.50, 21.50, 21.50, 21.50, 85584
12/29/05, 22.00, 22.00, 22.00, 22.00, 85733
12/28/05, 21.75, 21.75, 21.75, 21.75, 68472
12/27/05, 22.00, 22.00, 22.00, 22.00, 134325
12/23/05, 21.50, 21.50, 21.50, 21.50, 29427
12/22/05, 22.00, 22.00, 22.00, 22.00, 127614
12/21/05, 22.00, 22.00, 22.00, 22.00, 99702
12/20/05, 22.00, 22.00, 22.00, 22.00, 100917
12/19/05, 22.00, 22.00, 22.00, 22.00, 11108
12/16/05, 22.00, 22.00, 22.00, 22.00, 71357
12/15/05, 21.75, 21.75, 21.75, 21.75, 54129
12/14/05, 21.00, 21.00, 21.00, 21.00, 1166139
12/13/05, 22.00, 22.00, 22.00, 22.00, 58054
12/09/05, 22.00, 22.00, 22.00, 22.00, 183664
12/08/05, 22.00, 22.00, 22.00, 22.00, 1147634
12/07/05, 21.75, 21.75, 21.75, 21.75, 154310
12/06/05, 21.75, 21.75, 21.75, 21.75, 140856
12/05/05, 21.00, 21.00, 21.00, 21.00, 21199
12/02/05, 21.00, 21.00, 21.00, 21.00, 73902
12/01/05, 21.00, 21.00, 21.00, 21.00, 4650955
11/30/05, 21.00, 21.00, 21.00, 21.00, 2616316
11/29/05, 20.50, 20.50, 20.50, 20.50, 140595
11/28/05, 20.50, 20.50, 20.50, 20.50, 48745
11/25/05, 20.00, 20.00, 20.00, 20.00, 95285
11/24/05, 19.90, 19.90, 19.90, 19.90, 67101
11/23/05, 19.65, 19.65, 19.65, 19.65, 33155
11/18/05, 19.45, 19.45, 19.45, 19.45, 49220
11/17/05, 19.40, 19.40, 19.40, 19.40, 45083
11/16/05, 19.30, 19.30, 19.30, 19.30, 58378
11/15/05, 18.50, 18.50, 18.50, 18.50, 16294
11/14/05, 18.30, 18.30, 18.30, 18.30, 48462
11/11/05, 17.95, 17.95, 17.95, 17.95, 105594
11/10/05, 18.05, 18.05, 18.05, 18.05, 16423
11/09/05, 18.70, 18.70, 18.70, 18.70, 84691
11/08/05, 18.95, 18.95, 18.95, 18.95, 162317
11/07/05, 19.15, 19.15, 19.15, 19.15, 31357
11/03/05, 19.00, 19.00, 19.00, 19.00, 7563
11/02/05, 19.00, 19.00, 19.00, 19.00, 26575
11/01/05, 19.00, 19.00, 19.00, 19.00, 28914
10/31/05, 19.25, 19.25, 19.25, 19.25, 213744
10/28/05, 19.00, 19.00, 19.00, 19.00, 16500
10/27/05, 19.00, 19.00, 19.00, 19.00, 54137
10/26/05, 19.00, 19.00, 19.00, 19.00, 42460
10/25/05, 19.25, 19.25, 19.25, 19.25, 28510
10/24/05, 19.45, 19.45, 19.45, 19.45, 60572
10/21/05, 19.50, 19.50, 19.50, 19.50, 27485
10/19/05, 19.35, 19.35, 19.35, 19.35, 82168
10/18/05, 19.50, 19.50, 19.50, 19.50, 101344
10/17/05, 19.80, 19.80, 19.80, 19.80, 54931
10/14/05, 19.55, 19.55, 19.55, 19.55, 54006
10/13/05, 19.65, 19.65, 19.65, 19.65, 37615
10/12/05, 19.85, 19.85, 19.85, 19.85, 12502
10/11/05, 19.70, 19.70, 19.70, 19.70, 193684
10/07/05, 19.85, 19.85, 19.85, 19.85, 22719
10/06/05, 20.00, 20.00, 20.00, 20.00, 20385
10/05/05, 20.00, 20.00, 20.00, 20.00, 122614
10/04/05, 20.00, 20.00, 20.00, 20.00, 29122
10/03/05, 20.00, 20.00, 20.00, 20.00, 51100
09/30/05, 20.00, 20.00, 20.00, 20.00, 91169
09/29/05, 20.00, 20.00, 20.00, 20.00, 21798
09/28/05, 20.00, 20.00, 20.00, 20.00, 23548
09/27/05, 20.00, 20.00, 20.00, 20.00, 47835
09/26/05, 19.80, 19.80, 19.80, 19.80, 21256
09/23/05, 19.95, 19.95, 19.95, 19.95, 75631
09/22/05, 20.00, 20.00, 20.00, 20.00, 44846
09/21/05, 20.00, 20.00, 20.00, 20.00, 36186
09/20/05, 20.00, 20.00, 20.00, 20.00, 94876
09/19/05, 20.25, 20.25, 20.25, 20.25, 24737
09/16/05, 20.25, 20.25, 20.25, 20.25, 25035
09/15/05, 20.50, 20.50, 20.50, 20.50, 22434
09/14/05, 20.50, 20.50, 20.50, 20.50, 173256
09/13/05, 20.50, 20.50, 20.50, 20.50, 44128
09/12/05, 20.50, 20.50, 20.50, 20.50, 173842
09/09/05, 21.00, 21.00, 21.00, 21.00, 45479
09/08/05, 21.00, 21.00, 21.00, 21.00, 34781
09/07/05, 21.00, 21.00, 21.00, 21.00, 42162
09/06/05, 20.75, 20.75, 20.75, 20.75, 67256
09/05/05, 21.00, 21.00, 21.00, 21.00, 53961
09/02/05, 20.75, 20.75, 20.75, 20.75, 53566
09/01/05, 20.75, 20.75, 20.75, 20.75, 110177
08/31/05, 21.00, 21.00, 21.00, 21.00, 208877
08/30/05, 21.75, 21.75, 21.75, 21.75, 75586
08/29/05, 21.25, 21.25, 21.25, 21.25, 52087
08/26/05, 21.75, 21.75, 21.75, 21.75, 48610
08/25/05, 21.75, 21.75, 21.75, 21.75, 157119
08/24/05, 22.00, 22.00, 22.00, 22.00, 430140
08/23/05, 21.25, 21.25, 21.25, 21.25, 576592
08/22/05, 20.00, 20.00, 20.00, 20.00, 626375
08/19/05, 20.00, 20.00, 20.00, 20.00, 70380
08/18/05, 20.25, 20.25, 20.25, 20.25, 31857
08/17/05, 20.00, 20.00, 20.00, 20.00, 88225
08/16/05, 20.00, 20.00, 20.00, 20.00, 1197492
08/15/05, 19.95, 19.95, 19.95, 19.95, 98384
08/12/05, 19.95, 19.95, 19.95, 19.95, 98650
08/11/05, 19.95, 19.95, 19.95, 19.95, 36705
08/10/05, 19.80, 19.80, 19.80, 19.80, 46050
08/09/05, 19.95, 19.95, 19.95, 19.95, 558149
08/08/05, 19.90, 19.90, 19.90, 19.90, 517763
08/05/05, 19.95, 19.95, 19.95, 19.95, 1076155
08/04/05, 20.25, 20.25, 20.25, 20.25, 65277
08/03/05, 20.75, 20.75, 20.75, 20.75, 76384
08/02/05, 21.00, 21.00, 21.00, 21.00, 51903
08/01/05, 20.50, 20.50, 20.50, 20.50, 64182
07/29/05, 20.75, 20.75, 20.75, 20.75, 142289
07/28/05, 21.00, 21.00, 21.00, 21.00, 137135
07/27/05, 21.00, 21.00, 21.00, 21.00, 214238
07/26/05, 20.50, 20.50, 20.50, 20.50, 143559
07/25/05, 19.95, 19.95, 19.95, 19.95, 119855
07/22/05, 20.00, 20.00, 20.00, 20.00, 194690
07/21/05, 19.45, 19.45, 19.45, 19.45, 221842
07/20/05, 20.25, 20.25, 20.25, 20.25, 290043
07/19/05, 20.25, 20.25, 20.25, 20.25, 327655
07/18/05, 22.50, 22.50, 22.50, 22.50, 412683
07/15/05, 21.25, 21.25, 21.25, 21.25, 88332
07/14/05, 23.00, 23.00, 23.00, 23.00, 863369
07/13/05, 23.25, 23.25, 23.25, 23.25, 4573509
07/12/05, 21.50, 21.50, 21.50, 21.50, 1248362
07/11/05, 19.70, 19.70, 19.70, 19.70, 1163121
07/08/05, 18.05, 18.05, 18.05, 18.05, 1475906
07/07/05, 18.00, 18.00, 18.00, 18.00, 1821506
07/06/05, 18.00, 18.00, 18.00, 18.00, 927456
07/05/05, 17.95, 17.95, 17.95, 17.95, 160882
07/04/05, 18.00, 18.00, 18.00, 18.00, 164777
07/01/05, 18.00, 18.00, 18.00, 18.00, 177100
06/30/05, 18.00, 18.00, 18.00, 18.00, 37786
06/29/05, 17.95, 17.95, 17.95, 17.95, 85334
06/28/05, 18.00, 18.00, 18.00, 18.00, 6910
06/27/05, 18.00, 18.00, 18.00, 18.00, 61570
06/24/05, 17.95, 17.95, 17.95, 17.95, 192717
06/23/05, 17.95, 17.95, 17.95, 17.95, 42230
06/22/05, 17.95, 17.95, 17.95, 17.95, 58076
06/21/05, 17.95, 17.95, 17.95, 17.95, 47031
06/20/05, 18.00, 18.00, 18.00, 18.00, 49837
06/17/05, 18.00, 18.00, 18.00, 18.00, 103505
06/16/05, 17.95, 17.95, 17.95, 17.95, 106091
06/15/05, 18.00, 18.00, 18.00, 18.00, 79347
06/14/05, 17.90, 17.90, 17.90, 17.90, 208500
06/13/05, 17.85, 17.85, 17.85, 17.85, 120313
06/10/05, 17.85, 17.85, 17.85, 17.85, 77609
06/09/05, 17.50, 17.50, 17.50, 17.50, 198795
06/08/05, 17.80, 17.80, 17.80, 17.80, 49182
06/07/05, 17.50, 17.50, 17.50, 17.50, 440558
06/06/05, 17.80, 17.80, 17.80, 17.80, 249060
06/03/05, 17.60, 17.60, 17.60, 17.60, 1248290
06/02/05, 17.90, 17.90, 17.90, 17.90, 1427762
05/31/05, 17.15, 17.15, 17.15, 17.15, 1125160
05/30/05, 16.10, 16.10, 16.10, 16.10, 206679
05/27/05, 14.65, 14.65, 14.65, 14.65, 14871
05/26/05, 13.60, 13.60, 13.60, 13.60, 7000
05/25/05, 13.00, 13.00, 13.00, 13.00, 3382465
05/24/05, 13.70, 13.70, 13.70, 13.70, 50825
05/23/05, 13.00, 13.00, 13.00, 13.00, 450
05/20/05, 13.00, 13.00, 13.00, 13.00, 4050
05/19/05, 12.65, 12.65, 12.65, 12.65, 2200
05/18/05, 12.95, 12.95, 12.95, 12.95, 5600
05/17/05, 12.65, 12.65, 12.65, 12.65, 33514
05/16/05, 12.40, 12.40, 12.40, 12.40, 2282
05/13/05, 12.65, 12.65, 12.65, 12.65, 6500
05/12/05, 12.25, 12.25, 12.25, 12.25, 500
05/11/05, 12.50, 12.50, 12.50, 12.50, 9598
05/10/05, 12.65, 12.65, 12.65, 12.65, 5592
05/09/05, 12.80, 12.80, 12.80, 12.80, 6730
05/05/05, 12.95, 12.95, 12.95, 12.95, 19000
05/04/05, 13.00, 13.00, 13.00, 13.00, 20888
05/03/05, 12.75, 12.75, 12.75, 12.75, 9652
04/29/05, 12.50, 12.50, 12.50, 12.50, 3500
04/28/05, 12.40, 12.40, 12.40, 12.40, 600
04/27/05, 12.55, 12.55, 12.55, 12.55, 18625
04/26/05, 12.35, 12.35, 12.35, 12.35, 12400
04/25/05, 11.75, 11.75, 11.75, 11.75, 600
04/21/05, 11.55, 11.55, 11.55, 11.55, 300
04/19/05, 11.60, 11.60, 11.60, 11.60, 36100
04/15/05, 11.65, 11.65, 11.65, 11.65, 1750
04/14/05, 11.60, 11.60, 11.60, 11.60, 360
04/11/05, 11.60, 11.60, 11.60, 11.60, 800
04/08/05, 11.50, 11.50, 11.50, 11.50, 1000
04/06/05, 11.50, 11.50, 11.50, 11.50, 1281731
03/30/05, 11.35, 11.35, 11.35, 11.35, 48150
03/24/05, 12.00, 12.00, 12.00, 12.00, 20532
03/22/05, 12.00, 12.00, 12.00, 12.00, 204450
03/21/05, 11.80, 11.80, 11.80, 11.80, 44660
03/18/05, 12.15, 12.15, 12.15, 12.15, 4250
03/17/05, 11.80, 11.80, 11.80, 11.80, 12400
03/16/05, 12.05, 12.05, 12.05, 12.05, 4000
03/15/05, 11.90, 11.90, 11.90, 11.90, 4000
03/14/05, 11.80, 11.80, 11.80, 11.80, 750
03/11/05, 12.10, 12.10, 12.10, 12.10, 7250
03/10/05, 12.50, 12.50, 12.50, 12.50, 103100
03/09/05, 12.75, 12.75, 12.75, 12.75, 319600
03/08/05, 13.30, 13.30, 13.30, 13.30, 500
03/07/05, 13.00, 13.00, 13.00, 13.00, 8600
03/04/05, 13.50, 13.50, 13.50, 13.50, 2600
03/03/05, 13.40, 13.40, 13.40, 13.40, 6100
03/01/05, 14.00, 14.00, 14.00, 14.00, 17400
02/28/05, 13.95, 13.95, 13.95, 13.95, 67671
02/25/05, 13.45, 13.45, 13.45, 13.45, 1200
02/23/05, 13.30, 13.30, 13.30, 13.30, 24000
02/22/05, 13.30, 13.30, 13.30, 13.30, 20000
02/21/05, 13.30, 13.30, 13.30, 13.30, 19285
02/16/05, 13.55, 13.55, 13.55, 13.55, 44300
02/15/05, 13.50, 13.50, 13.50, 13.50, 1650
02/14/05, 13.75, 13.75, 13.75, 13.75, 350
02/11/05, 13.50, 13.50, 13.50, 13.50, 51200
02/10/05, 13.55, 13.55, 13.55, 13.55, 243999
02/09/05, 13.70, 13.70, 13.70, 13.70, 637
02/04/05, 13.70, 13.70, 13.70, 13.70, 1200
02/03/05, 13.65, 13.65, 13.65, 13.65, 21802
02/01/05, 13.55, 13.55, 13.55, 13.55, 1650
01/31/05, 13.25, 13.25, 13.25, 13.25, 500
01/27/05, 13.45, 13.45, 13.45, 13.45, 9000
01/25/05, 13.00, 13.00, 13.00, 13.00, 15000
01/24/05, 12.70, 12.70, 12.70, 12.70, 750
01/21/05, 12.80, 12.80, 12.80, 12.80, 30100
01/20/05, 12.80, 12.80, 12.80, 12.80, 1100
01/19/05, 12.50, 12.50, 12.50, 12.50, 1000
01/18/05, 12.50, 12.50, 12.50, 12.50, 2500
01/17/05, 12.50, 12.50, 12.50, 12.50, 50150
01/12/05, 12.50, 12.50, 12.50, 12.50, 1000
12/28/04, 12.50, 12.50, 12.50, 12.50, 4000
12/24/04, 12.40, 12.40, 12.40, 12.40, 4650
12/23/04, 12.40, 12.40, 12.40, 12.40, 400
12/22/04, 12.25, 12.25, 12.25, 12.25, 3950
12/21/04, 12.40, 12.40, 12.40, 12.40, 21400
12/16/04, 12.30, 12.30, 12.30, 12.30, 268270
12/15/04, 12.45, 12.45, 12.45, 12.45, 13001
12/14/04, 12.50, 12.50, 12.50, 12.50, 3000
12/10/04, 12.25, 12.25, 12.25, 12.25, 91395
12/09/04, 12.50, 12.50, 12.50, 12.50, 3500
12/08/04, 12.45, 12.45, 12.45, 12.45, 14510
12/07/04, 12.50, 12.50, 12.50, 12.50, 600
12/06/04, 12.60, 12.60, 12.60, 12.60, 1800
12/03/04, 12.50, 12.50, 12.50, 12.50, 27000
12/02/04, 12.85, 12.85, 12.85, 12.85, 46200
12/01/04, 12.75, 12.75, 12.75, 12.75, 1500
11/30/04, 12.85, 12.85, 12.85, 12.85, 9250
11/29/04, 13.00, 13.00, 13.00, 13.00, 3800
11/26/04, 13.30, 13.30, 13.30, 13.30, 3632
11/25/04, 13.35, 13.35, 13.35, 13.35, 43946
11/24/04, 13.25, 13.25, 13.25, 13.25, 23480
11/23/04, 13.20, 13.20, 13.20, 13.20, 21850
11/22/04, 13.20, 13.20, 13.20, 13.20, 18850
11/19/04, 12.95, 12.95, 12.95, 12.95, 3850
11/18/04, 13.00, 13.00, 13.00, 13.00, 5500
11/17/04, 13.00, 13.00, 13.00, 13.00, 2100
11/16/04, 13.00, 13.00, 13.00, 13.00, 11750
11/12/04, 12.75, 12.75, 12.75, 12.75, 53000
11/10/04, 12.50, 12.50, 12.50, 12.50, 249500
11/09/04, 12.50, 12.50, 12.50, 12.50, 72900
11/05/04, 12.50, 12.50, 12.50, 12.50, 2450
11/04/04, 12.35, 12.35, 12.35, 12.35, 1200
11/03/04, 12.20, 12.20, 12.20, 12.20, 7300
11/02/04, 12.45, 12.45, 12.45, 12.45, 6581
10/29/04, 12.05, 12.05, 12.05, 12.05, 106250
10/28/04, 12.00, 12.00, 12.00, 12.00, 20000
10/27/04, 12.00, 12.00, 12.00, 12.00, 8500
10/26/04, 11.80, 11.80, 11.80, 11.80, 1800
10/22/04, 11.90, 11.90, 11.90, 11.90, 9750
10/19/04, 11.60, 11.60, 11.60, 11.60, 7244
10/15/04, 11.60, 11.60, 11.60, 11.60, 750
10/14/04, 11.50, 11.50, 11.50, 11.50, 1900
10/13/04, 11.40, 11.40, 11.40, 11.40, 450
10/07/04, 11.40, 11.40, 11.40, 11.40, 1456
10/06/04, 11.50, 11.50, 11.50, 11.50, 30136
10/05/04, 11.50, 11.50, 11.50, 11.50, 133760
10/04/04, 11.20, 11.20, 11.20, 11.20, 1950
09/30/04, 11.05, 11.05, 11.05, 11.05, 4300
09/28/04, 11.25, 11.25, 11.25, 11.25, 200
09/27/04, 11.30, 11.30, 11.30, 11.30, 4300
09/24/04, 11.15, 11.15, 11.15, 11.15, 10400
09/23/04, 11.10, 11.10, 11.10, 11.10, 10400
09/22/04, 11.05, 11.05, 11.05, 11.05, 1000
09/21/04, 11.20, 11.20, 11.20, 11.20, 2012
09/20/04, 11.05, 11.05, 11.05, 11.05, 10255
09/17/04, 11.30, 11.30, 11.30, 11.30, 4000
09/15/04, 11.00, 11.00, 11.00, 11.00, 12500
09/14/04, 11.00, 11.00, 11.00, 11.00, 4000
09/13/04, 11.00, 11.00, 11.00, 11.00, 11900
09/10/04, 11.00, 11.00, 11.00, 11.00, 2205
09/09/04, 11.10, 11.10, 11.10, 11.10, 14600
09/08/04, 10.90, 10.90, 10.90, 10.90, 1100
09/07/04, 10.50, 10.50, 10.50, 10.50, 9350
09/06/04, 10.50, 10.50, 10.50, 10.50, 1500
09/03/04, 10.45, 10.45, 10.45, 10.45, 6020
09/02/04, 10.50, 10.50, 10.50, 10.50, 52893
09/01/04, 10.80, 10.80, 10.80, 10.80, 900
08/31/04, 10.85, 10.85, 10.85, 10.85, 950
08/30/04, 11.20, 11.20, 11.20, 11.20, 1783
08/27/04, 11.45, 11.45, 11.45, 11.45, 2000
08/26/04, 11.45, 11.45, 11.45, 11.45, 1250
08/25/04, 11.50, 11.50, 11.50, 11.50, 1500
08/24/04, 11.55, 11.55, 11.55, 11.55, 14817
08/23/04, 11.55, 11.55, 11.55, 11.55, 6100
08/20/04, 12.10, 12.10, 12.10, 12.10, 8361
08/19/04, 12.35, 12.35, 12.35, 12.35, 2425
08/18/04, 12.50, 12.50, 12.50, 12.50, 26075
08/17/04, 12.60, 12.60, 12.60, 12.60, 5040
08/16/04, 12.60, 12.60, 12.60, 12.60, 14006
08/13/04, 12.80, 12.80, 12.80, 12.80, 1050
08/12/04, 12.80, 12.80, 12.80, 12.80, 51100
08/11/04, 12.85, 12.85, 12.85, 12.85, 1590
08/10/04, 12.75, 12.75, 12.75, 12.75, 26350
08/09/04, 12.70, 12.70, 12.70, 12.70, 5410
08/06/04, 12.50, 12.50, 12.50, 12.50, 7150
08/05/04, 12.50, 12.50, 12.50, 12.50, 18000
08/04/04, 12.50, 12.50, 12.50, 12.50, 5400
08/03/04, 12.50, 12.50, 12.50, 12.50, 9800
08/02/04, 12.30, 12.30, 12.30, 12.30, 8925
07/30/04, 12.45, 12.45, 12.45, 12.45, 19662
07/29/04, 11.65, 11.65, 11.65, 11.65, 2150
07/28/04, 10.70, 10.70, 10.70, 10.70, 1500
07/27/04, 10.75, 10.75, 10.75, 10.75, 8483
07/26/04, 10.50, 10.50, 10.50, 10.50, 24800
07/23/04, 9.85, 9.85, 9.85, 9.85, 6950
07/22/04, 10.35, 10.35, 10.35, 10.35, 800
07/21/04, 10.45, 10.45, 10.45, 10.45, 12750
07/20/04, 10.45, 10.45, 10.45, 10.45, 23417
07/19/04, 10.55, 10.55, 10.55, 10.55, 2750
07/16/04, 10.50, 10.50, 10.50, 10.50, 1000
07/15/04, 10.50, 10.50, 10.50, 10.50, 3000
07/14/04, 10.45, 10.45, 10.45, 10.45, 4950
07/13/04, 10.50, 10.50, 10.50, 10.50, 17942
07/12/04, 10.20, 10.20, 10.20, 10.20, 5508
07/09/04, 10.00, 10.00, 10.00, 10.00, 750
07/02/04, 10.05, 10.05, 10.05, 10.05, 8882
06/30/04, 10.05, 10.05, 10.05, 10.05, 750
06/28/04, 10.05, 10.05, 10.05, 10.05, 15750
06/25/04, 10.00, 10.00, 10.00, 10.00, 1950
06/24/04, 10.10, 10.10, 10.10, 10.10, 6092
06/23/04, 10.05, 10.05, 10.05, 10.05, 13375
06/22/04, 9.95, 9.95, 9.95, 9.95, 85375
06/21/04, 10.25, 10.25, 10.25, 10.25, 16000
06/18/04, 10.25, 10.25, 10.25, 10.25, 40500
06/17/04, 10.70, 10.70, 10.70, 10.70, 18200
06/16/04, 11.00, 11.00, 11.00, 11.00, 100
06/15/04, 11.00, 11.00, 11.00, 11.00, 10250
06/14/04, 10.75, 10.75, 10.75, 10.75, 1500
06/11/04, 10.70, 10.70, 10.70, 10.70, 950
06/10/04, 10.95, 10.95, 10.95, 10.95, 1450
06/09/04, 10.70, 10.70, 10.70, 10.70, 1000
06/07/04, 10.70, 10.70, 10.70, 10.70, 26770
06/04/04, 10.65, 10.65, 10.65, 10.65, 4705
06/03/04, 10.65, 10.65, 10.65, 10.65, 3879
06/02/04, 10.65, 10.65, 10.65, 10.65, 15555
05/31/04, 10.60, 10.60, 10.60, 10.60, 30979
05/28/04, 10.65, 10.65, 10.65, 10.65, 1000
05/27/04, 10.30, 10.30, 10.30, 10.30, 28000
05/26/04, 10.50, 10.50, 10.50, 10.50, 10379
05/25/04, 10.20, 10.20, 10.20, 10.20, 53075
05/24/04, 10.90, 10.90, 10.90, 10.90, 4000
05/21/04, 10.90, 10.90, 10.90, 10.90, 345
05/20/04, 10.90, 10.90, 10.90, 10.90, 30100
05/19/04, 11.00, 11.00, 11.00, 11.00, 350
05/18/04, 11.05, 11.05, 11.05, 11.05, 102780
05/17/04, 10.70, 10.70, 10.70, 10.70, 138000
05/14/04, 10.40, 10.40, 10.40, 10.40, 500
05/13/04, 10.50, 10.50, 10.50, 10.50, 8900
05/11/04, 10.25, 10.25, 10.25, 10.25, 5900
05/10/04, 10.10, 10.10, 10.10, 10.10, 73100
05/06/04, 10.10, 10.10, 10.10, 10.10, 2500
05/05/04, 10.05, 10.05, 10.05, 10.05, 1200
05/04/04, 10.25, 10.25, 10.25, 10.25, 11250
04/30/04, 10.60, 10.60, 10.60, 10.60, 1100
04/29/04, 10.65, 10.65, 10.65, 10.65, 1600
04/28/04, 10.40, 10.40, 10.40, 10.40, 14480
04/27/04, 10.50, 10.50, 10.50, 10.50, 1200
04/26/04, 10.50, 10.50, 10.50, 10.50, 10000
04/23/04, 10.80, 10.80, 10.80, 10.80, 400
04/22/04, 11.00, 11.00, 11.00, 11.00, 300
04/21/04, 10.80, 10.80, 10.80, 10.80, 5600
04/20/04, 11.10, 11.10, 11.10, 11.10, 2600
04/19/04, 11.00, 11.00, 11.00, 11.00, 10728
04/15/04, 11.00, 11.00, 11.00, 11.00, 150
04/07/04, 11.00, 11.00, 11.00, 11.00, 92304
04/06/04, 11.00, 11.00, 11.00, 11.00, 4150
04/05/04, 11.00, 11.00, 11.00, 11.00, 700
04/02/04, 11.00, 11.00, 11.00, 11.00, 37850
04/01/04, 11.00, 11.00, 11.00, 11.00, 32411
03/31/04, 11.00, 11.00, 11.00, 11.00, 57600
03/30/04, 11.00, 11.00, 11.00, 11.00, 3600
03/29/04, 11.00, 11.00, 11.00, 11.00, 1410
03/26/04, 11.05, 11.05, 11.05, 11.05, 12988
03/25/04, 11.10, 11.10, 11.10, 11.10, 18350
03/24/04, 10.70, 10.70, 10.70, 10.70, 20762
03/23/04, 10.75, 10.75, 10.75, 10.75, 450
03/22/04, 11.00, 11.00, 11.00, 11.00, 24250
03/19/04, 10.90, 10.90, 10.90, 10.90, 13732
03/18/04, 10.60, 10.60, 10.60, 10.60, 22118
03/17/04, 13.00, 13.00, 13.00, 13.00, 8880
03/16/04, 13.30, 13.30, 13.30, 13.30, 10275
03/12/04, 13.65, 13.65, 13.65, 13.65, 4400
03/11/04, 13.90, 13.90, 13.90, 13.90, 3550
03/10/04, 13.90, 13.90, 13.90, 13.90, 28950
03/09/04, 14.50, 14.50, 14.50, 14.50, 8000
03/08/04, 14.90, 14.90, 14.90, 14.90, 134700
03/05/04, 15.00, 15.00, 15.00, 15.00, 36366
03/04/04, 13.85, 13.85, 13.85, 13.85, 1750
03/03/04, 13.40, 13.40, 13.40, 13.40, 78089
03/02/04, 13.20, 13.20, 13.20, 13.20, 16000
03/01/04, 12.10, 12.10, 12.10, 12.10, 2075
02/27/04, 12.00, 12.00, 12.00, 12.00, 10000
02/26/04, 11.80, 11.80, 11.80, 11.80, 27730
02/25/04, 11.90, 11.90, 11.90, 11.90, 450
02/24/04, 11.90, 11.90, 11.90, 11.90, 8900
02/23/04, 11.80, 11.80, 11.80, 11.80, 11830
02/20/04, 11.50, 11.50, 11.50, 11.50, 9798
02/18/04, 11.55, 11.55, 11.55, 11.55, 30125
02/17/04, 10.80, 10.80, 10.80, 10.80, 1600
02/16/04, 11.00, 11.00, 11.00, 11.00, 14950
02/13/04, 11.00, 11.00, 11.00, 11.00, 150
02/12/04, 13.10, 13.10, 13.10, 13.10, 71150
02/11/04, 13.85, 13.85, 13.85, 13.85, 1000
02/10/04, 13.90, 13.90, 13.90, 13.90, 12670
02/09/04, 14.00, 14.00, 14.00, 14.00, 4950
02/06/04, 13.95, 13.95, 13.95, 13.95, 4900
02/05/04, 13.95, 13.95, 13.95, 13.95, 80770
02/04/04, 14.00, 14.00, 14.00, 14.00, 8325
02/03/04, 13.95, 13.95, 13.95, 13.95, 37600
02/02/04, 14.40, 14.40, 14.40, 14.40, 43711
01/30/04, 14.15, 14.15, 14.15, 14.15, 232229
01/29/04, 14.65, 14.65, 14.65, 14.65, 141500
01/28/04, 13.85, 13.85, 13.85, 13.85, 28350
01/27/04, 12.60, 12.60, 12.60, 12.60, 42081
01/26/04, 12.05, 12.05, 12.05, 12.05, 25950
01/23/04, 11.80, 11.80, 11.80, 11.80, 65596
01/22/04, 11.60, 11.60, 11.60, 11.60, 114486
01/21/04, 11.45, 11.45, 11.45, 11.45, 4300
01/19/04, 11.75, 11.75, 11.75, 11.75, 10000
01/16/04, 11.75, 11.75, 11.75, 11.75, 26000
01/15/04, 11.70, 11.70, 11.70, 11.70, 79250
01/14/04, 11.75, 11.75, 11.75, 11.75, 1150
01/12/04, 11.75, 11.75, 11.75, 11.75, 17200
01/09/04, 11.80, 11.80, 11.80, 11.80, 9000
01/08/04, 11.70, 11.70, 11.70, 11.70, 4000
01/07/04, 11.75, 11.75, 11.75, 11.75, 8099
01/06/04, 11.65, 11.65, 11.65, 11.65, 3500
01/05/04, 11.80, 11.80, 11.80, 11.80, 5300
01/02/04, 11.80, 11.80, 11.80, 11.80, 750
12/31/03, 11.90, 11.90, 11.90, 11.90, 2800
12/30/03, 11.90, 11.90, 11.90, 11.90, 35800
12/22/03, 11.90, 11.90, 11.90, 11.90, 1000
12/19/03, 11.85, 11.85, 11.85, 11.85, 2900
12/17/03, 11.90, 11.90, 11.90, 11.90, 8900
12/16/03, 11.95, 11.95, 11.95, 11.95, 16400
12/15/03, 11.95, 11.95, 11.95, 11.95, 3500
12/11/03, 11.95, 11.95, 11.95, 11.95, 1000
12/10/03, 11.95, 11.95, 11.95, 11.95, 4320
12/09/03, 11.95, 11.95, 11.95, 11.95, 34100
12/08/03, 12.00, 12.00, 12.00, 12.00, 12640
12/05/03, 12.00, 12.00, 12.00, 12.00, 1500
12/04/03, 11.95, 11.95, 11.95, 11.95, 73448
12/03/03, 12.05, 12.05, 12.05, 12.05, 15000
12/02/03, 12.00, 12.00, 12.00, 12.00, 214900
12/01/03, 11.75, 11.75, 11.75, 11.75, 139340
11/28/03, 12.00, 12.00, 12.00, 12.00, 40000
11/27/03, 12.00, 12.00, 12.00, 12.00, 108500
11/25/03, 11.90, 11.90, 11.90, 11.90, 19800
11/24/03, 11.50, 11.50, 11.50, 11.50, 22150
11/21/03, 11.50, 11.50, 11.50, 11.50, 54500
11/19/03, 11.50, 11.50, 11.50, 11.50, 130300
11/18/03, 11.55, 11.55, 11.55, 11.55, 6000
11/17/03, 11.60, 11.60, 11.60, 11.60, 11550
11/14/03, 11.50, 11.50, 11.50, 11.50, 1000
11/13/03, 11.50, 11.50, 11.50, 11.50, 16950
11/12/03, 11.50, 11.50, 11.50, 11.50, 220450
11/11/03, 11.60, 11.60, 11.60, 11.60, 47605
11/10/03, 11.50, 11.50, 11.50, 11.50, 2200
11/07/03, 11.75, 11.75, 11.75, 11.75, 37250
11/06/03, 11.25, 11.25, 11.25, 11.25, 750
11/05/03, 11.45, 11.45, 11.45, 11.45, 21129
11/04/03, 11.15, 11.15, 11.15, 11.15, 15850
11/03/03, 11.00, 11.00, 11.00, 11.00, 182090
10/31/03, 11.00, 11.00, 11.00, 11.00, 31350
10/30/03, 11.50, 11.50, 11.50, 11.50, 9000
10/29/03, 11.75, 11.75, 11.75, 11.75, 50000
10/28/03, 11.95, 11.95, 11.95, 11.95, 6000
10/27/03, 12.00, 12.00, 12.00, 12.00, 4450
10/24/03, 11.95, 11.95, 11.95, 11.95, 6350
10/23/03, 11.95, 11.95, 11.95, 11.95, 15710
10/22/03, 12.00, 12.00, 12.00, 12.00, 17350
10/21/03, 12.00, 12.00, 12.00, 12.00, 9520
10/16/03, 12.00, 12.00, 12.00, 12.00, 23700
10/15/03, 12.00, 12.00, 12.00, 12.00, 19172
10/14/03, 12.00, 12.00, 12.00, 12.00, 67000
10/13/03, 12.00, 12.00, 12.00, 12.00, 1650
10/09/03, 12.00, 12.00, 12.00, 12.00, 32850
10/08/03, 12.15, 12.15, 12.15, 12.15, 15740
10/07/03, 11.90, 11.90, 11.90, 11.90, 16520
10/06/03, 11.50, 11.50, 11.50, 11.50, 1000
10/03/03, 11.60, 11.60, 11.60, 11.60, 197775
10/02/03, 11.55, 11.55, 11.55, 11.55, 39140
10/01/03, 11.55, 11.55, 11.55, 11.55, 2234
09/30/03, 11.70, 11.70, 11.70, 11.70, 1000
09/29/03, 11.70, 11.70, 11.70, 11.70, 16200
09/26/03, 11.70, 11.70, 11.70, 11.70, 6100
09/25/03, 11.75, 11.75, 11.75, 11.75, 4500
09/23/03, 11.90, 11.90, 11.90, 11.90, 53500
09/19/03, 11.95, 11.95, 11.95, 11.95, 8700
09/18/03, 12.00, 12.00, 12.00, 12.00, 5866
09/17/03, 12.00, 12.00, 12.00, 12.00, 16034
09/16/03, 12.00, 12.00, 12.00, 12.00, 35332
09/15/03, 12.00, 12.00, 12.00, 12.00, 25000
09/12/03, 11.80, 11.80, 11.80, 11.80, 38250
09/11/03, 11.70, 11.70, 11.70, 11.70, 46232
09/10/03, 11.45, 11.45, 11.45, 11.45, 53400
09/09/03, 11.30, 11.30, 11.30, 11.30, 61050
09/08/03, 11.00, 11.00, 11.00, 11.00, 40450
09/05/03, 11.00, 11.00, 11.00, 11.00, 60150
09/04/03, 10.60, 10.60, 10.60, 10.60, 156825
09/03/03, 10.15, 10.15, 10.15, 10.15, 31000
09/01/03, 10.25, 10.25, 10.25, 10.25, 1000
08/29/03, 10.30, 10.30, 10.30, 10.30, 1500
08/27/03, 10.00, 10.00, 10.00, 10.00, 1304
08/26/03, 10.00, 10.00, 10.00, 10.00, 12420
08/25/03, 10.00, 10.00, 10.00, 10.00, 41500
08/22/03, 10.00, 10.00, 10.00, 10.00, 28620
08/21/03, 10.25, 10.25, 10.25, 10.25, 1400
08/20/03, 10.60, 10.60, 10.60, 10.60, 56935
08/18/03, 10.55, 10.55, 10.55, 10.55, 41112
08/15/03, 10.80, 10.80, 10.80, 10.80, 37150
08/14/03, 10.95, 10.95, 10.95, 10.95, 55883
08/13/03, 10.85, 10.85, 10.85, 10.85, 10000
08/12/03, 11.10, 11.10, 11.10, 11.10, 128350
08/11/03, 12.00, 12.00, 12.00, 12.00, 18000
08/08/03, 12.35, 12.35, 12.35, 12.35, 1250
08/01/03, 13.70, 13.70, 13.70, 13.70, 4850
07/28/03, 14.05, 14.05, 14.05, 14.05, 1000
07/25/03, 12.00, 12.00, 12.00, 12.00, 702650
07/24/03, 12.00, 12.00, 12.00, 12.00, 445500
07/23/03, 11.50, 11.50, 11.50, 11.50, 4401
07/18/03, 11.50, 11.50, 11.50, 11.50, 17080
07/17/03, 11.30, 11.30, 11.30, 11.30, 97950
07/16/03, 11.25, 11.25, 11.25, 11.25, 13944
07/15/03, 11.50, 11.50, 11.50, 11.50, 14000
07/14/03, 11.55, 11.55, 11.55, 11.55, 19850
07/11/03, 12.10, 12.10, 12.10, 12.10, 40000
07/10/03, 12.00, 12.00, 12.00, 12.00, 1215000
07/09/03, 11.90, 11.90, 11.90, 11.90, 9600
07/08/03, 11.15, 11.15, 11.15, 11.15, 3600
07/07/03, 10.45, 10.45, 10.45, 10.45, 3540
07/04/03, 10.20, 10.20, 10.20, 10.20, 14325
07/03/03, 11.10, 11.10, 11.10, 11.10, 1800
07/01/03, 12.20, 12.20, 12.20, 12.20, 1494
06/27/03, 12.95, 12.95, 12.95, 12.95, 36722
06/25/03, 12.70, 12.70, 12.70, 12.70, 550
06/24/03, 12.85, 12.85, 12.85, 12.85, 450
06/23/03, 12.90, 12.90, 12.90, 12.90, 1640
06/20/03, 12.10, 12.10, 12.10, 12.10, 14000
06/19/03, 13.45, 13.45, 13.45, 13.45, 3200
06/18/03, 14.00, 14.00, 14.00, 14.00, 1000
06/17/03, 13.75, 13.75, 13.75, 13.75, 5150
06/16/03, 13.75, 13.75, 13.75, 13.75, 45461
06/13/03, 13.75, 13.75, 13.75, 13.75, 637030
06/12/03, 13.95, 13.95, 13.95, 13.95, 10000
06/11/03, 13.80, 13.80, 13.80, 13.80, 40630
06/10/03, 13.70, 13.70, 13.70, 13.70, 30400
06/09/03, 13.90, 13.90, 13.90, 13.90, 9950
06/04/03, 13.75, 13.75, 13.75, 13.75, 39200
05/30/03, 13.75, 13.75, 13.75, 13.75, 46660
05/29/03, 13.75, 13.75, 13.75, 13.75, 11060
05/28/03, 13.80, 13.80, 13.80, 13.80, 12618
05/26/03, 14.00, 14.00, 14.00, 14.00, 8400
05/22/03, 14.05, 14.05, 14.05, 14.05, 15600
05/21/03, 13.90, 13.90, 13.90, 13.90, 26970
05/16/03, 12.95, 12.95, 12.95, 12.95, 2450
05/15/03, 13.45, 13.45, 13.45, 13.45, 1059715
05/14/03, 14.20, 14.20, 14.20, 14.20, 195690
05/13/03, 14.05, 14.05, 14.05, 14.05, 402980
05/12/03, 13.00, 13.00, 13.00, 13.00, 2182147
05/09/03, 12.65, 12.65, 12.65, 12.65, 2916600
05/08/03, 12.25, 12.25, 12.25, 12.25, 20000
05/07/03, 11.15, 11.15, 11.15, 11.15, 13820
05/06/03, 10.15, 10.15, 10.15, 10.15, 80090
05/02/03, 9.25, 9.25, 9.25, 9.25, 15510
04/30/03, 9.00, 9.00, 9.00, 9.00, 489510
04/29/03, 9.00, 9.00, 9.00, 9.00, 100000
04/25/03, 9.05, 9.05, 9.05, 9.05, 10013
04/23/03, 9.00, 9.00, 9.00, 9.00, 2450
04/22/03, 9.00, 9.00, 9.00, 9.00, 400
04/16/03, 9.00, 9.00, 9.00, 9.00, 2250
04/15/03, 8.75, 8.75, 8.75, 8.75, 900
04/14/03, 8.75, 8.75, 8.75, 8.75, 450
04/10/03, 8.90, 8.90, 8.90, 8.90, 61590
04/09/03, 9.50, 9.50, 9.50, 9.50, 84000
04/07/03, 9.60, 9.60, 9.60, 9.60, 100000
04/04/03, 9.50, 9.50, 9.50, 9.50, 183100
04/03/03, 10.00, 10.00, 10.00, 10.00, 12200
04/02/03, 10.00, 10.00, 10.00, 10.00, 28500
04/01/03, 10.00, 10.00, 10.00, 10.00, 49300
03/31/03, 10.00, 10.00, 10.00, 10.00, 2590
03/28/03, 10.00, 10.00, 10.00, 10.00, 1450
03/27/03, 10.00, 10.00, 10.00, 10.00, 54500
03/26/03, 10.00, 10.00, 10.00, 10.00, 2670
03/21/03, 9.75, 9.75, 9.75, 9.75, 450
03/20/03, 9.75, 9.75, 9.75, 9.75, 6391
03/18/03, 10.00, 10.00, 10.00, 10.00, 25839
03/17/03, 10.00, 10.00, 10.00, 10.00, 1750
03/14/03, 10.00, 10.00, 10.00, 10.00, 2550
03/13/03, 10.00, 10.00, 10.00, 10.00, 4840
03/12/03, 10.00, 10.00, 10.00, 10.00, 39811
03/10/03, 10.00, 10.00, 10.00, 10.00, 1550
03/06/03, 10.00, 10.00, 10.00, 10.00, 1000
03/05/03, 10.05, 10.05, 10.05, 10.05, 2125
03/04/03, 10.00, 10.00, 10.00, 10.00, 580000
02/28/03, 10.00, 10.00, 10.00, 10.00, 74430
02/26/03, 10.05, 10.05, 10.05, 10.05, 900
02/25/03, 10.00, 10.00, 10.00, 10.00, 1210
02/21/03, 10.05, 10.05, 10.05, 10.05, 5790
02/20/03, 10.00, 10.00, 10.00, 10.00, 5354
02/19/03, 10.20, 10.20, 10.20, 10.20, 1000
02/12/03, 10.25, 10.25, 10.25, 10.25, 45150
02/11/03, 10.90, 10.90, 10.90, 10.90, 15500
02/07/03, 10.85, 10.85, 10.85, 10.85, 6283
02/06/03, 10.55, 10.55, 10.55, 10.55, 1350
02/05/03, 10.50, 10.50, 10.50, 10.50, 53594
02/04/03, 10.25, 10.25, 10.25, 10.25, 1900
02/03/03, 10.25, 10.25, 10.25, 10.25, 15886
01/31/03, 10.25, 10.25, 10.25, 10.25, 1714
01/30/03, 10.25, 10.25, 10.25, 10.25, 5000
01/28/03, 10.05, 10.05, 10.05, 10.05, 2406
01/27/03, 10.60, 10.60, 10.60, 10.60, 750
01/24/03, 10.50, 10.50, 10.50, 10.50, 13244
01/23/03, 10.60, 10.60, 10.60, 10.60, 58900
01/22/03, 11.25, 11.25, 11.25, 11.25, 10000
01/17/03, 11.50, 11.50, 11.50, 11.50, 600
01/16/03, 11.50, 11.50, 11.50, 11.50, 16800
01/15/03, 11.55, 11.55, 11.55, 11.55, 1900
01/09/03, 10.50, 10.50, 10.50, 10.50, 67600
01/08/03, 10.55, 10.55, 10.55, 10.55, 5400
01/07/03, 9.60, 9.60, 9.60, 9.60, 450
01/06/03, 9.65, 9.65, 9.65, 9.65, 133200
01/03/03, 8.80, 8.80, 8.80, 8.80, 59000
12/23/02, 8.70, 8.70, 8.70, 8.70, 1500
12/19/02, 8.60, 8.60, 8.60, 8.60, 1500
12/18/02, 8.80, 8.80, 8.80, 8.80, 10000
12/16/02, 8.80, 8.80, 8.80, 8.80, 48400
12/11/02, 8.80, 8.80, 8.80, 8.80, 55850
12/10/02, 8.75, 8.75, 8.75, 8.75, 17700
12/09/02, 8.75, 8.75, 8.75, 8.75, 5300
12/04/02, 8.50, 8.50, 8.50, 8.50, 450
12/02/02, 8.50, 8.50, 8.50, 8.50, 2550
11/25/02, 8.50, 8.50, 8.50, 8.50, 670
11/22/02, 8.70, 8.70, 8.70, 8.70, 2500
11/21/02, 8.50, 8.50, 8.50, 8.50, 9194
11/18/02, 8.00, 8.00, 8.00, 8.00, 5000
11/15/02, 8.90, 8.90, 8.90, 8.90, 6000
11/13/02, 8.95, 8.95, 8.95, 8.95, 1150
11/12/02, 8.60, 8.60, 8.60, 8.60, 2500
11/08/02, 8.50, 8.50, 8.50, 8.50, 19521
11/06/02, 8.50, 8.50, 8.50, 8.50, 4947
11/05/02, 7.80, 7.80, 7.80, 7.80, 1000
10/31/02, 7.50, 7.50, 7.50, 7.50, 1000000
10/30/02, 7.35, 7.35, 7.35, 7.35, 850
10/17/02, 7.25, 7.25, 7.25, 7.25, 1000
10/16/02, 7.25, 7.25, 7.25, 7.25, 900
10/14/02, 7.25, 7.25, 7.25, 7.25, 975
10/08/02, 7.20, 7.20, 7.20, 7.20, 700
09/25/02, 7.10, 7.10, 7.10, 7.10, 1050
09/23/02, 7.00, 7.00, 7.00, 7.00, 750
09/20/02, 7.05, 7.05, 7.05, 7.05, 6050
09/19/02, 7.10, 7.10, 7.10, 7.10, 12900
09/13/02, 7.25, 7.25, 7.25, 7.25, 900
09/12/02, 7.30, 7.30, 7.30, 7.30, 5850
09/11/02, 7.40, 7.40, 7.40, 7.40, 700
09/10/02, 7.40, 7.40, 7.40, 7.40, 1650
09/09/02, 7.40, 7.40, 7.40, 7.40, 1750
09/06/02, 7.50, 7.50, 7.50, 7.50, 18450
09/05/02, 7.55, 7.55, 7.55, 7.55, 4400
09/02/02, 7.50, 7.50, 7.50, 7.50, 450
08/29/02, 7.75, 7.75, 7.75, 7.75, 1300
08/26/02, 7.50, 7.50, 7.50, 7.50, 600
08/23/02, 7.50, 7.50, 7.50, 7.50, 750
08/22/02, 7.50, 7.50, 7.50, 7.50, 450
08/19/02, 7.50, 7.50, 7.50, 7.50, 1000
08/16/02, 7.60, 7.60, 7.60, 7.60, 4400
08/14/02, 8.20, 8.20, 8.20, 8.20, 600
08/12/02, 8.30, 8.30, 8.30, 8.30, 2500
08/09/02, 8.25, 8.25, 8.25, 8.25, 4000
08/08/02, 8.30, 8.30, 8.30, 8.30, 3034
08/06/02, 8.45, 8.45, 8.45, 8.45, 1000
08/05/02, 8.50, 8.50, 8.50, 8.50, 3100
08/02/02, 8.50, 8.50, 8.50, 8.50, 5475
07/31/02, 8.50, 8.50, 8.50, 8.50, 5900
07/30/02, 8.50, 8.50, 8.50, 8.50, 500
07/29/02, 8.50, 8.50, 8.50, 8.50, 1450
07/26/02, 8.00, 8.00, 8.00, 8.00, 60000
07/25/02, 8.15, 8.15, 8.15, 8.15, 95000
07/23/02, 8.00, 8.00, 8.00, 8.00, 2200
07/22/02, 8.00, 8.00, 8.00, 8.00, 5550
07/19/02, 8.00, 8.00, 8.00, 8.00, 750
07/18/02, 8.05, 8.05, 8.05, 8.05, 450
07/16/02, 8.00, 8.00, 8.00, 8.00, 2325
07/15/02, 8.10, 8.10, 8.10, 8.10, 5400
07/12/02, 8.10, 8.10, 8.10, 8.10, 2450
07/09/02, 8.05, 8.05, 8.05, 8.05, 1500
07/04/02, 8.00, 8.00, 8.00, 8.00, 7550
07/03/02, 8.15, 8.15, 8.15, 8.15, 2000
07/02/02, 7.75, 7.75, 7.75, 7.75, 114250
07/01/02, 8.20, 8.20, 8.20, 8.20, 6150
06/27/02, 8.15, 8.15, 8.15, 8.15, 950
06/26/02, 8.00, 8.00, 8.00, 8.00, 2200
06/25/02, 8.10, 8.10, 8.10, 8.10, 950
06/20/02, 7.90, 7.90, 7.90, 7.90, 12000
06/19/02, 7.90, 7.90, 7.90, 7.90, 22000
06/18/02, 8.20, 8.20, 8.20, 8.20, 43500
06/13/02, 8.30, 8.30, 8.30, 8.30, 600
06/11/02, 8.20, 8.20, 8.20, 8.20, 2950
06/07/02, 8.25, 8.25, 8.25, 8.25, 42001
06/04/02, 8.25, 8.25, 8.25, 8.25, 5300
05/27/02, 7.50, 7.50, 7.50, 7.50, 900
05/24/02, 7.50, 7.50, 7.50, 7.50, 7600
05/23/02, 7.25, 7.25, 7.25, 7.25, 11550
05/22/02, 7.20, 7.20, 7.20, 7.20, 1000
05/21/02, 7.00, 7.00, 7.00, 7.00, 1500
05/20/02, 6.65, 6.65, 6.65, 6.65, 1450
05/17/02, 6.55, 6.55, 6.55, 6.55, 16277
05/16/02, 6.65, 6.65, 6.65, 6.65, 12000
05/15/02, 6.65, 6.65, 6.65, 6.65, 4450
05/14/02, 6.55, 6.55, 6.55, 6.55, 15750
05/13/02, 6.60, 6.60, 6.60, 6.60, 2000
04/25/02, 6.55, 6.55, 6.55, 6.55, 750
04/24/02, 6.55, 6.55, 6.55, 6.55, 950
04/19/02, 6.80, 6.80, 6.80, 6.80, 1000
04/17/02, 7.60, 7.60, 7.60, 7.60, 74400
04/16/02, 7.50, 7.50, 7.50, 7.50, 450
04/12/02, 7.50, 7.50, 7.50, 7.50, 450
04/09/02, 7.55, 7.55, 7.55, 7.55, 9000
04/08/02, 7.10, 7.10, 7.10, 7.10, 900
04/05/02, 7.10, 7.10, 7.10, 7.10, 900
04/03/02, 7.00, 7.00, 7.00, 7.00, 1000
03/28/02, 7.10, 7.10, 7.10, 7.10, 450
03/26/02, 7.10, 7.10, 7.10, 7.10, 17580
03/25/02, 7.00, 7.00, 7.00, 7.00, 450
03/22/02, 7.10, 7.10, 7.10, 7.10, 100
03/21/02, 7.50, 7.50, 7.50, 7.50, 750
03/19/02, 7.65, 7.65, 7.65, 7.65, 500
03/18/02, 7.60, 7.60, 7.60, 7.60, 2300
03/14/02, 7.70, 7.70, 7.70, 7.70, 3950
03/11/02, 7.70, 7.70, 7.70, 7.70, 600
03/07/02, 7.75, 7.75, 7.75, 7.75, 450
03/06/02, 7.85, 7.85, 7.85, 7.85, 1225
03/05/02, 7.70, 7.70, 7.70, 7.70, 6550
03/04/02, 7.80, 7.80, 7.80, 7.80, 1275
02/27/02, 7.90, 7.90, 7.90, 7.90, 11750
02/26/02, 7.60, 7.60, 7.60, 7.60, 56231
02/25/02, 7.85, 7.85, 7.85, 7.85, 1700
02/22/02, 7.40, 7.40, 7.40, 7.40, 23000
02/21/02, 7.60, 7.60, 7.60, 7.60, 300
02/20/02, 7.50, 7.50, 7.50, 7.50, 1350
02/19/02, 8.00, 8.00, 8.00, 8.00, 780
02/15/02, 8.00, 8.00, 8.00, 8.00, 220
02/13/02, 8.00, 8.00, 8.00, 8.00, 300
02/12/02, 7.30, 7.30, 7.30, 7.30, 100
02/11/02, 7.00, 7.00, 7.00, 7.00, 500
02/08/02, 7.20, 7.20, 7.20, 7.20, 10000
02/07/02, 7.00, 7.00, 7.00, 7.00, 22900
02/05/02, 7.25, 7.25, 7.25, 7.25, 450
01/31/02, 7.35, 7.35, 7.35, 7.35, 1950
01/29/02, 7.30, 7.30, 7.30, 7.30, 300
01/22/02, 7.10, 7.10, 7.10, 7.10, 118200
01/21/02, 7.00, 7.00, 7.00, 7.00, 49000
01/17/02, 7.05, 7.05, 7.05, 7.05, 7150
01/10/02, 7.10, 7.10, 7.10, 7.10, 800
01/03/02, 6.70, 6.70, 6.70, 6.70, 2970
01/02/02, 7.05, 7.05, 7.05, 7.05, 4855
12/28/01, 7.00, 7.00, 7.00, 7.00, 750
12/21/01, 7.00, 7.00, 7.00, 7.00, 6945
12/20/01, 7.00, 7.00, 7.00, 7.00, 3170
12/19/01, 7.10, 7.10, 7.10, 7.10, 1050
12/18/01, 7.10, 7.10, 7.10, 7.10, 750
12/14/01, 7.00, 7.00, 7.00, 7.00, 15000
12/13/01, 7.00, 7.00, 7.00, 7.00, 8175
12/11/01, 7.00, 7.00, 7.00, 7.00, 750
12/10/01, 7.05, 7.05, 7.05, 7.05, 3000
12/05/01, 7.00, 7.00, 7.00, 7.00, 250
12/04/01, 7.00, 7.00, 7.00, 7.00, 30000
12/03/01, 7.15, 7.15, 7.15, 7.15, 670
11/28/01, 7.00, 7.00, 7.00, 7.00, 2600
11/27/01, 7.10, 7.10, 7.10, 7.10, 900
11/23/01, 7.00, 7.00, 7.00, 7.00, 6030
11/22/01, 7.00, 7.00, 7.00, 7.00, 59000
11/21/01, 7.10, 7.10, 7.10, 7.10, 3600
11/20/01, 7.30, 7.30, 7.30, 7.30, 2500
11/15/01, 7.00, 7.00, 7.00, 7.00, 5150
11/14/01, 7.05, 7.05, 7.05, 7.05, 1223
11/13/01, 7.00, 7.00, 7.00, 7.00, 1000
11/12/01, 7.00, 7.00, 7.00, 7.00, 5600
11/08/01, 7.40, 7.40, 7.40, 7.40, 600
11/07/01, 7.50, 7.50, 7.50, 7.50, 4300
11/06/01, 7.40, 7.40, 7.40, 7.40, 2300
11/02/01, 7.60, 7.60, 7.60, 7.60, 3700
11/01/01, 7.50, 7.50, 7.50, 7.50, 27725
10/31/01, 7.50, 7.50, 7.50, 7.50, 4225
10/30/01, 7.95, 7.95, 7.95, 7.95, 1550
10/29/01, 7.95, 7.95, 7.95, 7.95, 3425
10/25/01, 7.80, 7.80, 7.80, 7.80, 134100
10/24/01, 7.45, 7.45, 7.45, 7.45, 20100
10/23/01, 6.35, 6.35, 6.35, 6.35, 1945050
10/22/01, 7.10, 7.10, 7.10, 7.10, 150
10/19/01, 7.00, 7.00, 7.00, 7.00, 450
10/18/01, 6.95, 6.95, 6.95, 6.95, 825
10/17/01, 6.75, 6.75, 6.75, 6.75, 450
10/11/01, 6.75, 6.75, 6.75, 6.75, 900
10/08/01, 6.50, 6.50, 6.50, 6.50, 500
10/05/01, 6.80, 6.80, 6.80, 6.80, 900
10/01/01, 6.50, 6.50, 6.50, 6.50, 2850
09/28/01, 6.40, 6.40, 6.40, 6.40, 150
09/27/01, 6.40, 6.40, 6.40, 6.40, 800
09/25/01, 6.30, 6.30, 6.30, 6.30, 2050
09/20/01, 6.15, 6.15, 6.15, 6.15, 63200
09/19/01, 6.80, 6.80, 6.80, 6.80, 24800
09/18/01, 7.00, 7.00, 7.00, 7.00, 5100
09/17/01, 7.25, 7.25, 7.25, 7.25, 9700
09/13/01, 7.00, 7.00, 7.00, 7.00, 2000
09/12/01, 7.30, 7.30, 7.30, 7.30, 1600
09/11/01, 7.55, 7.55, 7.55, 7.55, 2100
09/10/01, 7.50, 7.50, 7.50, 7.50, 300
09/07/01, 7.50, 7.50, 7.50, 7.50, 3000
09/06/01, 7.50, 7.50, 7.50, 7.50, 750
09/05/01, 7.80, 7.80, 7.80, 7.80, 4250
09/04/01, 7.50, 7.50, 7.50, 7.50, 4800
09/03/01, 7.50, 7.50, 7.50, 7.50, 5750
08/29/01, 7.10, 7.10, 7.10, 7.10, 450
08/27/01, 7.30, 7.30, 7.30, 7.30, 150
08/23/01, 7.05, 7.05, 7.05, 7.05, 450
08/22/01, 7.05, 7.05, 7.05, 7.05, 450
08/17/01, 7.00, 7.00, 7.00, 7.00, 34800
08/14/01, 7.50, 7.50, 7.50, 7.50, 1000
08/13/01, 7.05, 7.05, 7.05, 7.05, 250
08/10/01, 7.00, 7.00, 7.00, 7.00, 400000
08/09/01, 7.06, 7.06, 7.06, 7.06, 1950
08/08/01, 7.05, 7.05, 7.05, 7.05, 70000
08/07/01, 7.05, 7.05, 7.05, 7.05, 222100
08/06/01, 7.05, 7.05, 7.05, 7.05, 300
08/02/01, 7.15, 7.15, 7.15, 7.15, 3000
08/01/01, 7.10, 7.10, 7.10, 7.10, 300
07/30/01, 7.25, 7.25, 7.25, 7.25, 200
07/27/01, 7.05, 7.05, 7.05, 7.05, 1500
07/25/01, 7.00, 7.00, 7.00, 7.00, 200
07/23/01, 7.00, 7.00, 7.00, 7.00, 4900
07/20/01, 7.00, 7.00, 7.00, 7.00, 6800
07/19/01, 7.00, 7.00, 7.00, 7.00, 6000
07/13/01, 7.00, 7.00, 7.00, 7.00, 150000
07/12/01, 6.85, 6.85, 6.85, 6.85, 44465
07/11/01, 6.75, 6.75, 6.75, 6.75, 450
07/10/01, 7.00, 7.00, 7.00, 7.00, 400
07/06/01, 7.00, 7.00, 7.00, 7.00, 4150
07/05/01, 7.00, 7.00, 7.00, 7.00, 450
07/03/01, 7.00, 7.00, 7.00, 7.00, 24900
07/02/01, 7.00, 7.00, 7.00, 7.00, 1000
06/29/01, 7.00, 7.00, 7.00, 7.00, 10450
06/27/01, 7.00, 7.00, 7.00, 7.00, 108700
06/25/01, 7.00, 7.00, 7.00, 7.00, 1050
06/21/01, 7.00, 7.00, 7.00, 7.00, 1050
06/20/01, 7.00, 7.00, 7.00, 7.00, 125275
06/15/01, 6.85, 6.85, 6.85, 6.85, 750
06/12/01, 6.80, 6.80, 6.80, 6.80, 1250
06/11/01, 6.80, 6.80, 6.80, 6.80, 1950
06/08/01, 7.05, 7.05, 7.05, 7.05, 3700
06/06/01, 6.75, 6.75, 6.75, 6.75, 21450
06/04/01, 7.00, 7.00, 7.00, 7.00, 40700
05/31/01, 7.00, 7.00, 7.00, 7.00, 450
05/30/01, 7.00, 7.00, 7.00, 7.00, 1400
05/29/01, 7.00, 7.00, 7.00, 7.00, 750
05/28/01, 7.05, 7.05, 7.05, 7.05, 600
05/25/01, 7.00, 7.00, 7.00, 7.00, 100000
05/24/01, 7.00, 7.00, 7.00, 7.00, 4950
05/21/01, 7.00, 7.00, 7.00, 7.00, 84350
05/17/01, 7.05, 7.05, 7.05, 7.05, 150
05/16/01, 7.30, 7.30, 7.30, 7.30, 350
05/15/01, 7.05, 7.05, 7.05, 7.05, 1500
05/10/01, 7.00, 7.00, 7.00, 7.00, 5975
05/08/01, 7.00, 7.00, 7.00, 7.00, 10750
05/04/01, 7.00, 7.00, 7.00, 7.00, 150
05/03/01, 7.00, 7.00, 7.00, 7.00, 52000
05/02/01, 7.00, 7.00, 7.00, 7.00, 1000
04/30/01, 7.10, 7.10, 7.10, 7.10, 1110
04/27/01, 7.30, 7.30, 7.30, 7.30, 6000
04/26/01, 7.40, 7.40, 7.40, 7.40, 3100
04/24/01, 7.50, 7.50, 7.50, 7.50, 10000
04/23/01, 7.50, 7.50, 7.50, 7.50, 30000
04/20/01, 7.50, 7.50, 7.50, 7.50, 3100
04/19/01, 7.65, 7.65, 7.65, 7.65, 300
04/18/01, 7.50, 7.50, 7.50, 7.50, 3000
04/12/01, 7.55, 7.55, 7.55, 7.55, 600
04/11/01, 7.55, 7.55, 7.55, 7.55, 800
04/09/01, 7.50, 7.50, 7.50, 7.50, 11450
04/05/01, 7.50, 7.50, 7.50, 7.50, 450
04/04/01, 7.50, 7.50, 7.50, 7.50, 450
04/03/01, 7.60, 7.60, 7.60, 7.60, 450
03/30/01, 8.00, 8.00, 8.00, 8.00, 400
03/28/01, 8.00, 8.00, 8.00, 8.00, 18100
03/27/01, 8.05, 8.05, 8.05, 8.05, 2250
03/23/01, 8.00, 8.00, 8.00, 8.00, 450
03/22/01, 8.15, 8.15, 8.15, 8.15, 1500
03/20/01, 8.00, 8.00, 8.00, 8.00, 2500
03/16/01, 8.00, 8.00, 8.00, 8.00, 31950
03/15/01, 8.05, 8.05, 8.05, 8.05, 2825
03/14/01, 8.05, 8.05, 8.05, 8.05, 2000
03/13/01, 8.00, 8.00, 8.00, 8.00, 49000
03/12/01, 8.05, 8.05, 8.05, 8.05, 6500
03/09/01, 8.05, 8.05, 8.05, 8.05, 7000
03/08/01, 8.00, 8.00, 8.00, 8.00, 300
03/06/01, 8.00, 8.00, 8.00, 8.00, 900
03/02/01, 8.05, 8.05, 8.05, 8.05, 118975
03/01/01, 8.30, 8.30, 8.30, 8.30, 18000
02/28/01, 8.30, 8.30, 8.30, 8.30, 750
02/23/01, 8.60, 8.60, 8.60, 8.60, 5950
02/22/01, 9.50, 9.50, 9.50, 9.50, 10500
02/20/01, 9.80, 9.80, 9.80, 9.80, 11700
02/19/01, 10.00, 10.00, 10.00, 10.00, 1000
02/14/01, 8.50, 8.50, 8.50, 8.50, 89900
02/07/01, 9.50, 9.50, 9.50, 9.50, 727750
02/06/01, 10.00, 10.00, 10.00, 10.00, 500
02/02/01, 10.00, 10.00, 10.00, 10.00, 550
01/31/01, 10.00, 10.00, 10.00, 10.00, 1200
01/30/01, 10.00, 10.00, 10.00, 10.00, 750
01/29/01, 10.05, 10.05, 10.05, 10.05, 900
01/26/01, 10.00, 10.00, 10.00, 10.00, 573
01/25/01, 10.00, 10.00, 10.00, 10.00, 2500
01/24/01, 10.00, 10.00, 10.00, 10.00, 26645
01/23/01, 10.90, 10.90, 10.90, 10.90, 1000
01/22/01, 11.45, 11.45, 11.45, 11.45, 600
01/18/01, 11.75, 11.75, 11.75, 11.75, 5115
01/12/01, 11.55, 11.55, 11.55, 11.55, 1500
01/10/01, 11.70, 11.70, 11.70, 11.70, 1050
01/09/01, 11.70, 11.70, 11.70, 11.70, 7200
01/08/01, 11.50, 11.50, 11.50, 11.50, 5450
01/05/01, 11.65, 11.65, 11.65, 11.65, 400
01/04/01, 11.70, 11.70, 11.70, 11.70, 1650
01/03/01, 11.55, 11.55, 11.55, 11.55, 1950
12/20/00, 11.50, 11.50, 11.50, 11.50, 1650
12/11/00, 11.70, 11.70, 11.70, 11.70, 2250
12/08/00, 11.70, 11.70, 11.70, 11.70, 1200
12/07/00, 11.65, 11.65, 11.65, 11.65, 4150
12/01/00, 12.00, 12.00, 12.00, 12.00, 400
11/30/00, 12.00, 12.00, 12.00, 12.00, 300
11/28/00, 12.00, 12.00, 12.00, 12.00, 100
11/24/00, 11.95, 11.95, 11.95, 11.95, 4650
11/20/00, 12.00, 12.00, 12.00, 12.00, 3700
11/17/00, 12.00, 12.00, 12.00, 12.00, 550
11/16/00, 12.00, 12.00, 12.00, 12.00, 11377
11/14/00, 12.00, 12.00, 12.00, 12.00, 17100
11/13/00, 12.10, 12.10, 12.10, 12.10, 800
11/10/00, 12.60, 12.60, 12.60, 12.60, 1600
11/08/00, 12.05, 12.05, 12.05, 12.05, 1050
11/07/00, 12.10, 12.10, 12.10, 12.10, 3450
11/03/00, 12.00, 12.00, 12.00, 12.00, 300
11/02/00, 12.60, 12.60, 12.60, 12.60, 1000
11/01/00, 12.60, 12.60, 12.60, 12.60, 1250
10/31/00, 12.50, 12.50, 12.50, 12.50, 600
10/30/00, 12.00, 12.00, 12.00, 12.00, 3200
10/25/00, 12.00, 12.00, 12.00, 12.00, 300
10/24/00, 12.15, 12.15, 12.15, 12.15, 1450
10/18/00, 12.00, 12.00, 12.00, 12.00, 3710
10/17/00, 12.00, 12.00, 12.00, 12.00, 3500
10/16/00, 12.25, 12.25, 12.25, 12.25, 2000
10/12/00, 12.40, 12.40, 12.40, 12.40, 6700
10/11/00, 12.05, 12.05, 12.05, 12.05, 5500
10/06/00, 12.10, 12.10, 12.10, 12.10, 6670
10/05/00, 12.05, 12.05, 12.05, 12.05, 1650
10/04/00, 12.15, 12.15, 12.15, 12.15, 7610
09/29/00, 12.00, 12.00, 12.00, 12.00, 2400
09/28/00, 12.00, 12.00, 12.00, 12.00, 100
09/27/00, 12.10, 12.10, 12.10, 12.10, 600
09/26/00, 12.00, 12.00, 12.00, 12.00, 750
09/21/00, 12.00, 12.00, 12.00, 12.00, 10900
09/20/00, 12.00, 12.00, 12.00, 12.00, 14700
09/18/00, 12.05, 12.05, 12.05, 12.05, 3365
09/15/00, 12.35, 12.35, 12.35, 12.35, 5100
09/13/00, 12.00, 12.00, 12.00, 12.00, 3650
09/12/00, 11.80, 11.80, 11.80, 11.80, 758
09/11/00, 11.40, 11.40, 11.40, 11.40, 550
09/07/00, 11.70, 11.70, 11.70, 11.70, 7500
09/06/00, 11.60, 11.60, 11.60, 11.60, 1000
09/05/00, 11.40, 11.40, 11.40, 11.40, 2850
09/04/00, 11.60, 11.60, 11.60, 11.60, 17150
08/28/00, 11.05, 11.05, 11.05, 11.05, 650
08/24/00, 11.05, 11.05, 11.05, 11.05, 5250
08/23/00, 11.00, 11.00, 11.00, 11.00, 1300
08/22/00, 11.00, 11.00, 11.00, 11.00, 2100
08/18/00, 11.15, 11.15, 11.15, 11.15, 450
08/17/00, 11.35, 11.35, 11.35, 11.35, 190060
08/16/00, 11.00, 11.00, 11.00, 11.00, 12500
08/15/00, 11.00, 11.00, 11.00, 11.00, 140690
08/14/00, 11.75, 11.75, 11.75, 11.75, 9650
08/11/00, 12.00, 12.00, 12.00, 12.00, 1150
08/03/00, 12.00, 12.00, 12.00, 12.00, 2260
07/31/00, 12.00, 12.00, 12.00, 12.00, 2400
07/21/00, 12.30, 12.30, 12.30, 12.30, 200
07/20/00, 12.50, 12.50, 12.50, 12.50, 850
07/14/00, 12.50, 12.50, 12.50, 12.50, 200
07/12/00, 12.50, 12.50, 12.50, 12.50, 620000
07/11/00, 12.80, 12.80, 12.80, 12.80, 500
07/05/00, 12.80, 12.80, 12.80, 12.80, 2300
06/30/00, 12.95, 12.95, 12.95, 12.95, 3400
06/29/00, 13.00, 13.00, 13.00, 13.00, 450
06/27/00, 13.00, 13.00, 13.00, 13.00, 650
06/26/00, 13.00, 13.00, 13.00, 13.00, 3350
06/23/00, 13.00, 13.00, 13.00, 13.00, 2750
06/21/00, 13.00, 13.00, 13.00, 13.00, 16700
06/20/00, 13.00, 13.00, 13.00, 13.00, 100
06/16/00, 13.10, 13.10, 13.10, 13.10, 300
06/15/00, 13.05, 13.05, 13.05, 13.05, 550
06/13/00, 11.50, 11.50, 11.50, 11.50, 375000
06/08/00, 13.20, 13.20, 13.20, 13.20, 2120
06/07/00, 12.75, 12.75, 12.75, 12.75, 1950
06/06/00, 13.00, 13.00, 13.00, 13.00, 400
06/05/00, 12.00, 12.00, 12.00, 12.00, 450
06/02/00, 11.85, 11.85, 11.85, 11.85, 12100
05/31/00, 11.50, 11.50, 11.50, 11.50, 2355500
05/30/00, 11.60, 11.60, 11.60, 11.60, 375100
05/29/00, 12.00, 12.00, 12.00, 12.00, 5050
05/26/00, 11.60, 11.60, 11.60, 11.60, 750
05/24/00, 12.00, 12.00, 12.00, 12.00, 550
05/23/00, 12.05, 12.05, 12.05, 12.05, 5550
05/22/00, 12.00, 12.00, 12.00, 12.00, 101600
05/19/00, 12.00, 12.00, 12.00, 12.00, 950
05/17/00, 12.30, 12.30, 12.30, 12.30, 500
05/16/00, 12.20, 12.20, 12.20, 12.20, 850
05/15/00, 12.10, 12.10, 12.10, 12.10, 1500
05/12/00, 12.30, 12.30, 12.30, 12.30, 7950
05/10/00, 12.00, 12.00, 12.00, 12.00, 450
05/09/00, 12.05, 12.05, 12.05, 12.05, 8420
05/08/00, 12.25, 12.25, 12.25, 12.25, 450
05/05/00, 12.25, 12.25, 12.25, 12.25, 10500
05/02/00, 12.25, 12.25, 12.25, 12.25, 2700930
04/28/00, 12.50, 12.50, 12.50, 12.50, 250
04/27/00, 12.75, 12.75, 12.75, 12.75, 3120
04/26/00, 12.50, 12.50, 12.50, 12.50, 203680
04/20/00, 12.60, 12.60, 12.60, 12.60, 1950
04/19/00, 12.70, 12.70, 12.70, 12.70, 150
04/18/00, 12.55, 12.55, 12.55, 12.55, 2750
04/17/00, 12.50, 12.50, 12.50, 12.50, 600
04/13/00, 12.70, 12.70, 12.70, 12.70, 3525
04/11/00, 13.00, 13.00, 13.00, 13.00, 21800
04/07/00, 12.80, 12.80, 12.80, 12.80, 12150
04/06/00, 12.85, 12.85, 12.85, 12.85, 1923857
04/05/00, 12.60, 12.60, 12.60, 12.60, 3400
04/04/00, 12.60, 12.60, 12.60, 12.60, 2650
03/31/00, 12.60, 12.60, 12.60, 12.60, 18000
03/30/00, 12.70, 12.70, 12.70, 12.70, 750
03/29/00, 12.65, 12.65, 12.65, 12.65, 450
03/28/00, 12.80, 12.80, 12.80, 12.80, 450
03/27/00, 12.60, 12.60, 12.60, 12.60, 2000
03/23/00, 12.70, 12.70, 12.70, 12.70, 2893350
03/22/00, 12.55, 12.55, 12.55, 12.55, 675
03/16/00, 12.50, 12.50, 12.50, 12.50, 950
03/15/00, 12.55, 12.55, 12.55, 12.55, 5725
03/14/00, 12.75, 12.75, 12.75, 12.75, 950
03/13/00, 12.55, 12.55, 12.55, 12.55, 2000
03/10/00, 12.10, 12.10, 12.10, 12.10, 300
03/09/00, 12.26, 12.26, 12.26, 12.26, 300
03/08/00, 12.55, 12.55, 12.55, 12.55, 3200
03/07/00, 12.10, 12.10, 12.10, 12.10, 2450
03/06/00, 12.00, 12.00, 12.00, 12.00, 300
03/03/00, 12.05, 12.05, 12.05, 12.05, 750
03/02/00, 12.00, 12.00, 12.00, 12.00, 8050
02/29/00, 12.90, 12.90, 12.90, 12.90, 1300
02/24/00, 12.90, 12.90, 12.90, 12.90, 1282
02/23/00, 13.50, 13.50, 13.50, 13.50, 300
02/22/00, 13.75, 13.75, 13.75, 13.75, 4000
02/18/00, 15.10, 15.10, 15.10, 15.10, 300
02/17/00, 15.10, 15.10, 15.10, 15.10, 3700
02/16/00, 14.95, 14.95, 14.95, 14.95, 122140
02/15/00, 15.95, 15.95, 15.95, 15.95, 450
02/10/00, 16.20, 16.20, 16.20, 16.20, 50100
02/09/00, 16.00, 16.00, 16.00, 16.00, 832
02/08/00, 16.00, 16.00, 16.00, 16.00, 4450
02/04/00, 15.70, 15.70, 15.70, 15.70, 450
02/03/00, 16.00, 16.00, 16.00, 16.00, 900
01/28/00, 16.00, 16.00, 16.00, 16.00, 1400
01/27/00, 16.10, 16.10, 16.10, 16.10, 150
01/26/00, 16.00, 16.00, 16.00, 16.00, 20000
01/25/00, 16.00, 16.00, 16.00, 16.00, 1000
01/21/00, 16.35, 16.35, 16.35, 16.35, 450
01/20/00, 16.30, 16.30, 16.30, 16.30, 53885
01/19/00, 16.25, 16.25, 16.25, 16.25, 1050
01/18/00, 16.15, 16.15, 16.15, 16.15, 200
01/14/00, 16.25, 16.25, 16.25, 16.25, 58850
01/12/00, 15.10, 15.10, 15.10, 15.10, 444855
01/11/00, 16.00, 16.00, 16.00, 16.00, 500250
01/07/00, 16.55, 16.55, 16.55, 16.55, 600
01/06/00, 16.70, 16.70, 16.70, 16.70, 5850
01/04/00, 16.00, 16.00, 16.00, 16.00, 440
12/23/99, 16.10, 16.10, 16.10, 16.10, 150
12/22/99, 16.05, 16.05, 16.05, 16.05, 900
12/21/99, 16.00, 16.00, 16.00, 16.00, 6375
12/17/99, 16.00, 16.00, 16.00, 16.00, 750
12/16/99, 16.00, 16.00, 16.00, 16.00, 60450
12/15/99, 16.00, 16.00, 16.00, 16.00, 2100
12/14/99, 16.00, 16.00, 16.00, 16.00, 254800
12/10/99, 16.00, 16.00, 16.00, 16.00, 5400
12/09/99, 15.25, 15.25, 15.25, 15.25, 400
12/08/99, 15.00, 15.00, 15.00, 15.00, 1550
12/07/99, 14.80, 14.80, 14.80, 14.80, 253000
12/02/99, 14.15, 14.15, 14.15, 14.15, 300
11/30/99, 14.30, 14.30, 14.30, 14.30, 1750
11/29/99, 14.20, 14.20, 14.20, 14.20, 1927
11/24/99, 14.20, 14.20, 14.20, 14.20, 450
11/23/99, 14.50, 14.50, 14.50, 14.50, 2000
11/22/99, 14.15, 14.15, 14.15, 14.15, 1200
11/19/99, 14.05, 14.05, 14.05, 14.05, 1500
11/17/99, 14.05, 14.05, 14.05, 14.05, 1220
11/16/99, 14.00, 14.00, 14.00, 14.00, 2400
11/15/99, 14.00, 14.00, 14.00, 14.00, 800
11/12/99, 14.05, 14.05, 14.05, 14.05, 450
11/11/99, 14.05, 14.05, 14.05, 14.05, 900
11/10/99, 14.00, 14.00, 14.00, 14.00, 1650
11/09/99, 14.05, 14.05, 14.05, 14.05, 250
11/08/99, 14.00, 14.00, 14.00, 14.00, 450
11/05/99, 14.00, 14.00, 14.00, 14.00, 750
11/04/99, 14.10, 14.10, 14.10, 14.10, 1950
11/03/99, 14.00, 14.00, 14.00, 14.00, 750
11/02/99, 14.05, 14.05, 14.05, 14.05, 1000
11/01/99, 14.05, 14.05, 14.05, 14.05, 400
10/29/99, 14.00, 14.00, 14.00, 14.00, 9000
10/28/99, 14.05, 14.05, 14.05, 14.05, 600
10/27/99, 14.55, 14.55, 14.55, 14.55, 16083
10/25/99, 14.00, 14.00, 14.00, 14.00, 8400
10/22/99, 14.35, 14.35, 14.35, 14.35, 850
10/21/99, 14.00, 14.00, 14.00, 14.00, 3550
10/18/99, 14.50, 14.50, 14.50, 14.50, 300
10/15/99, 14.50, 14.50, 14.50, 14.50, 2000
10/13/99, 14.10, 14.10, 14.10, 14.10, 3650
10/08/99, 14.05, 14.05, 14.05, 14.05, 450
10/07/99, 14.15, 14.15, 14.15, 14.15, 2100
10/05/99, 14.00, 14.00, 14.00, 14.00, 1500
10/01/99, 14.05, 14.05, 14.05, 14.05, 450
09/29/99, 14.05, 14.05, 14.05, 14.05, 3450
09/28/99, 14.05, 14.05, 14.05, 14.05, 750
09/27/99, 14.05, 14.05, 14.05, 14.05, 300
09/24/99, 14.00, 14.00, 14.00, 14.00, 1480
09/23/99, 14.00, 14.00, 14.00, 14.00, 450
09/22/99, 13.90, 13.90, 13.90, 13.90, 2250
09/21/99, 13.95, 13.95, 13.95, 13.95, 10050
09/17/99, 13.80, 13.80, 13.80, 13.80, 2850
09/16/99, 13.90, 13.90, 13.90, 13.90, 600600
09/15/99, 14.00, 14.00, 14.00, 14.00, 420000
09/14/99, 13.85, 13.85, 13.85, 13.85, 54000
09/13/99, 13.85, 13.85, 13.85, 13.85, 5000
09/10/99, 14.00, 14.00, 14.00, 14.00, 2050
09/09/99, 13.85, 13.85, 13.85, 13.85, 1000
09/07/99, 13.65, 13.65, 13.65, 13.65, 5250
09/01/99, 13.60, 13.60, 13.60, 13.60, 250
08/31/99, 13.85, 13.85, 13.85, 13.85, 1850
08/30/99, 13.35, 13.35, 13.35, 13.35, 600
08/27/99, 14.35, 14.35, 14.35, 14.35, 1350
08/26/99, 15.00, 15.00, 15.00, 15.00, 4200
08/25/99, 16.70, 16.70, 16.70, 16.70, 200
08/24/99, 16.50, 16.50, 16.50, 16.50, 1000
08/20/99, 16.55, 16.55, 16.55, 16.55, 500
08/19/99, 16.50, 16.50, 16.50, 16.50, 28617
08/18/99, 16.50, 16.50, 16.50, 16.50, 2500
08/13/99, 16.50, 16.50, 16.50, 16.50, 3950
08/11/99, 17.00, 17.00, 17.00, 17.00, 2600
08/10/99, 17.00, 17.00, 17.00, 17.00, 900
08/09/99, 17.05, 17.05, 17.05, 17.05, 2350
08/06/99, 17.00, 17.00, 17.00, 17.00, 4450
08/05/99, 17.00, 17.00, 17.00, 17.00, 1350
08/03/99, 17.00, 17.00, 17.00, 17.00, 4300
08/02/99, 17.00, 17.00, 17.00, 17.00, 50750
07/30/99, 16.50, 16.50, 16.50, 16.50, 1000
07/29/99, 16.90, 16.90, 16.90, 16.90, 1000
07/27/99, 17.00, 17.00, 17.00, 17.00, 550
07/26/99, 17.00, 17.00, 17.00, 17.00, 9070
07/22/99, 17.00, 17.00, 17.00, 17.00, 2250
07/21/99, 17.05, 17.05, 17.05, 17.05, 8750
07/20/99, 17.00, 17.00, 17.00, 17.00, 750
07/19/99, 17.00, 17.00, 17.00, 17.00, 569150
07/16/99, 17.05, 17.05, 17.05, 17.05, 582
07/14/99, 17.00, 17.00, 17.00, 17.00, 900
07/12/99, 17.00, 17.00, 17.00, 17.00, 500
07/09/99, 17.05, 17.05, 17.05, 17.05, 2400
07/08/99, 17.00, 17.00, 17.00, 17.00, 41050
07/07/99, 17.00, 17.00, 17.00, 17.00, 5000
07/06/99, 17.00, 17.00, 17.00, 17.00, 5000
07/05/99, 17.00, 17.00, 17.00, 17.00, 1250
07/02/99, 17.00, 17.00, 17.00, 17.00, 4500
07/01/99, 16.60, 16.60, 16.60, 16.60, 1100
06/30/99, 16.50, 16.50, 16.50, 16.50, 750
06/29/99, 16.35, 16.35, 16.35, 16.35, 2200
06/28/99, 16.55, 16.55, 16.55, 16.55, 103600
06/23/99, 16.50, 16.50, 16.50, 16.50, 300
06/22/99, 16.30, 16.30, 16.30, 16.30, 300
06/21/99, 16.50, 16.50, 16.50, 16.50, 6750
06/18/99, 16.40, 16.40, 16.40, 16.40, 1000
06/16/99, 16.50, 16.50, 16.50, 16.50, 1450
06/15/99, 16.50, 16.50, 16.50, 16.50, 5150
06/14/99, 17.00, 17.00, 17.00, 17.00, 250
06/11/99, 17.00, 17.00, 17.00, 17.00, 2400
06/10/99, 17.00, 17.00, 17.00, 17.00, 18125
06/09/99, 17.10, 17.10, 17.10, 17.10, 6000
06/08/99, 17.05, 17.05, 17.05, 17.05, 5100
06/04/99, 17.20, 17.20, 17.20, 17.20, 1200
06/03/99, 17.10, 17.10, 17.10, 17.10, 502350
06/02/99, 17.00, 17.00, 17.00, 17.00, 2300
05/31/99, 17.10, 17.10, 17.10, 17.10, 600
05/28/99, 17.15, 17.15, 17.15, 17.15, 600
05/27/99, 17.10, 17.10, 17.10, 17.10, 600
05/26/99, 17.05, 17.05, 17.05, 17.05, 100200
05/25/99, 17.00, 17.00, 17.00, 17.00, 3065
05/24/99, 17.05, 17.05, 17.05, 17.05, 9050
05/21/99, 17.00, 17.00, 17.00, 17.00, 300
05/19/99, 17.00, 17.00, 17.00, 17.00, 21750
05/17/99, 17.00, 17.00, 17.00, 17.00, 1000
05/14/99, 17.00, 17.00, 17.00, 17.00, 650
05/12/99, 17.00, 17.00, 17.00, 17.00, 18125
05/11/99, 17.00, 17.00, 17.00, 17.00, 2300
05/07/99, 17.00, 17.00, 17.00, 17.00, 1150
05/06/99, 17.00, 17.00, 17.00, 17.00, 41670
05/05/99, 16.50, 16.50, 16.50, 16.50, 1850
04/29/99, 16.50, 16.50, 16.50, 16.50, 1400800
04/28/99, 17.00, 17.00, 17.00, 17.00, 5000
04/27/99, 17.00, 17.00, 17.00, 17.00, 1000
04/23/99, 17.00, 17.00, 17.00, 17.00, 5000
04/22/99, 17.10, 17.10, 17.10, 17.10, 6300
04/19/99, 17.05, 17.05, 17.05, 17.05, 200
04/14/99, 17.00, 17.00, 17.00, 17.00, 300
04/12/99, 17.05, 17.05, 17.05, 17.05, 9100
04/09/99, 17.05, 17.05, 17.05, 17.05, 1600
04/08/99, 17.00, 17.00, 17.00, 17.00, 15500
04/07/99, 16.10, 16.10, 16.10, 16.10, 625
04/06/99, 16.00, 16.00, 16.00, 16.00, 4800
03/30/99, 15.50, 15.50, 15.50, 15.50, 1150
03/29/99, 15.55, 15.55, 15.55, 15.55, 2150
03/26/99, 15.85, 15.85, 15.85, 15.85, 3700
03/25/99, 15.60, 15.60, 15.60, 15.60, 477400
03/18/99, 16.70, 16.70, 16.70, 16.70, 1000
03/11/99, 17.30, 17.30, 17.30, 17.30, 1000
03/10/99, 17.55, 17.55, 17.55, 17.55, 500
03/09/99, 17.50, 17.50, 17.50, 17.50, 800
03/08/99, 18.00, 18.00, 18.00, 18.00, 450
03/05/99, 18.00, 18.00, 18.00, 18.00, 39225
02/26/99, 17.95, 17.95, 17.95, 17.95, 2450
02/25/99, 18.00, 18.00, 18.00, 18.00, 11550
02/24/99, 18.50, 18.50, 18.50, 18.50, 51050
02/19/99, 19.60, 19.60, 19.60, 19.60, 4300
02/18/99, 19.50, 19.50, 19.50, 19.50, 500
02/17/99, 19.00, 19.00, 19.00, 19.00, 3807
02/16/99, 19.05, 19.05, 19.05, 19.05, 4800
02/12/99, 18.75, 18.75, 18.75, 18.75, 4550
02/10/99, 18.50, 18.50, 18.50, 18.50, 3350
02/03/99, 19.00, 19.00, 19.00, 19.00, 200
02/02/99, 18.80, 18.80, 18.80, 18.80, 56000
02/01/99, 19.20, 19.20, 19.20, 19.20, 8300
01/28/99, 20.00, 20.00, 20.00, 20.00, 3100
01/27/99, 19.75, 19.75, 19.75, 19.75, 9950
01/26/99, 20.00, 20.00, 20.00, 20.00, 6730
01/22/99, 19.95, 19.95, 19.95, 19.95, 100
01/19/99, 20.00, 20.00, 20.00, 20.00, 19450
01/18/99, 20.00, 20.00, 20.00, 20.00, 2020
01/15/99, 19.75, 19.75, 19.75, 19.75, 2100
01/12/99, 21.00, 21.00, 21.00, 21.00, 1400
01/08/99, 22.25, 22.25, 22.25, 22.25, 17150
01/07/99, 19.20, 19.20, 19.20, 19.20, 152925
01/06/99, 17.55, 17.55, 17.55, 17.55, 1500
01/05/99, 17.05, 17.05, 17.05, 17.05, 900
01/04/99, 16.15, 16.15, 16.15, 16.15, 250
12/24/98, 16.10, 16.10, 16.10, 16.10, 400
12/23/98, 16.05, 16.05, 16.05, 16.05, 200000
12/21/98, 15.45, 15.45, 15.45, 15.45, 450
12/18/98, 15.35, 15.35, 15.35, 15.35, 5550
12/17/98, 15.20, 15.20, 15.20, 15.20, 1000
12/16/98, 15.00, 15.00, 15.00, 15.00, 3000
12/15/98, 15.05, 15.05, 15.05, 15.05, 1050
12/11/98, 15.00, 15.00, 15.00, 15.00, 6990
12/10/98, 15.05, 15.05, 15.05, 15.05, 8300
12/09/98, 15.05, 15.05, 15.05, 15.05, 1700
12/07/98, 15.00, 15.00, 15.00, 15.00, 17100
12/04/98, 15.00, 15.00, 15.00, 15.00, 38900
12/03/98, 15.05, 15.05, 15.05, 15.05, 6800
12/01/98, 15.05, 15.05, 15.05, 15.05, 1000
11/25/98, 15.10, 15.10, 15.10, 15.10, 4950
11/23/98, 15.00, 15.00, 15.00, 15.00, 2700
11/20/98, 15.10, 15.10, 15.10, 15.10, 17425
11/19/98, 15.00, 15.00, 15.00, 15.00, 3050
11/16/98, 15.70, 15.70, 15.70, 15.70, 6600
11/12/98, 15.40, 15.40, 15.40, 15.40, 1100
11/11/98, 15.70, 15.70, 15.70, 15.70, 600
11/10/98, 15.05, 15.05, 15.05, 15.05, 3700
11/05/98, 15.05, 15.05, 15.05, 15.05, 750
11/03/98, 15.10, 15.10, 15.10, 15.10, 1850
11/02/98, 15.50, 15.50, 15.50, 15.50, 1000
10/30/98, 15.25, 15.25, 15.25, 15.25, 875
10/29/98, 15.50, 15.50, 15.50, 15.50, 1200
10/28/98, 15.90, 15.90, 15.90, 15.90, 700
10/27/98, 15.70, 15.70, 15.70, 15.70, 6500
10/23/98, 16.00, 16.00, 16.00, 16.00, 6500
10/22/98, 15.95, 15.95, 15.95, 15.95, 13150
10/21/98, 16.20, 16.20, 16.20, 16.20, 1250
10/19/98, 16.05, 16.05, 16.05, 16.05, 54500
10/12/98, 16.00, 16.00, 16.00, 16.00, 7500
10/08/98, 16.05, 16.05, 16.05, 16.05, 17900
10/06/98, 17.00, 17.00, 17.00, 17.00, 1450
10/01/98, 16.30, 16.30, 16.30, 16.30, 500
09/30/98, 16.05, 16.05, 16.05, 16.05, 26612
09/29/98, 16.00, 16.00, 16.00, 16.00, 5450
09/28/98, 16.05, 16.05, 16.05, 16.05, 2000
09/25/98, 16.00, 16.00, 16.00, 16.00, 8950
09/24/98, 16.05, 16.05, 16.05, 16.05, 500
09/21/98, 16.00, 16.00, 16.00, 16.00, 900
09/18/98, 16.05, 16.05, 16.05, 16.05, 1500
09/17/98, 16.05, 16.05, 16.05, 16.05, 2000
09/16/98, 16.10, 16.10, 16.10, 16.10, 100
09/15/98, 16.10, 16.10, 16.10, 16.10, 1500
09/14/98, 16.00, 16.00, 16.00, 16.00, 1050
09/11/98, 16.50, 16.50, 16.50, 16.50, 3400
09/10/98, 16.10, 16.10, 16.10, 16.10, 4675
09/08/98, 16.40, 16.40, 16.40, 16.40, 300
09/07/98, 16.70, 16.70, 16.70, 16.70, 5000
09/02/98, 16.70, 16.70, 16.70, 16.70, 3925
09/01/98, 17.00, 17.00, 17.00, 17.00, 3000
08/31/98, 17.00, 17.00, 17.00, 17.00, 2700
08/28/98, 17.40, 17.40, 17.40, 17.40, 425
08/27/98, 16.80, 16.80, 16.80, 16.80, 1550
08/20/98, 17.50, 17.50, 17.50, 17.50, 100750
08/19/98, 17.20, 17.20, 17.20, 17.20, 103250
08/18/98, 17.10, 17.10, 17.10, 17.10, 7100
08/03/98, 17.85, 17.85, 17.85, 17.85, 11200
07/28/98, 18.00, 18.00, 18.00, 18.00, 10000
07/27/98, 18.10, 18.10, 18.10, 18.10, 27885
07/15/98, 17.40, 17.40, 17.40, 17.40, 3175
07/09/98, 17.25, 17.25, 17.25, 17.25, 600
07/07/98, 17.10, 17.10, 17.10, 17.10, 2700
07/03/98, 17.05, 17.05, 17.05, 17.05, 150
07/02/98, 17.05, 17.05, 17.05, 17.05, 1150
06/30/98, 17.00, 17.00, 17.00, 17.00, 4150
06/23/98, 17.75, 17.75, 17.75, 17.75, 1400
06/22/98, 18.25, 18.25, 18.25, 18.25, 900
06/19/98, 18.00, 18.00, 18.00, 18.00, 1600
06/18/98, 18.00, 18.00, 18.00, 18.00, 100
06/15/98, 18.05, 18.05, 18.05, 18.05, 1450
06/04/98, 17.20, 17.20, 17.20, 17.20, 1000
06/03/98, 17.20, 17.20, 17.20, 17.20, 4210
06/02/98, 17.20, 17.20, 17.20, 17.20, 300
05/29/98, 17.50, 17.50, 17.50, 17.50, 30350
05/22/98, 17.25, 17.25, 17.25, 17.25, 36650
05/19/98, 17.45, 17.45, 17.45, 17.45, 3250
05/18/98, 17.50, 17.50, 17.50, 17.50, 1650
05/15/98, 17.50, 17.50, 17.50, 17.50, 1000
05/14/98, 17.50, 17.50, 17.50, 17.50, 600
05/08/98, 17.75, 17.75, 17.75, 17.75, 2800
05/06/98, 18.50, 18.50, 18.50, 18.50, 6000
05/05/98, 17.25, 17.25, 17.25, 17.25, 300
04/28/98, 17.00, 17.00, 17.00, 17.00, 3050
04/24/98, 17.00, 17.00, 17.00, 17.00, 8350
04/23/98, 17.00, 17.00, 17.00, 17.00, 5450
04/16/98, 18.00, 18.00, 18.00, 18.00, 200
04/15/98, 18.25, 18.25, 18.25, 18.25, 2200
04/09/98, 18.75, 18.75, 18.75, 18.75, 1000
04/08/98, 19.00, 19.00, 19.00, 19.00, 800
04/07/98, 19.30, 19.30, 19.30, 19.30, 1800
04/03/98, 19.45, 19.45, 19.45, 19.45, 1700
04/01/98, 19.35, 19.35, 19.35, 19.35, 1300
03/27/98, 19.95, 19.95, 19.95, 19.95, 1300
03/26/98, 20.00, 20.00, 20.00, 20.00, 1200
03/25/98, 19.85, 19.85, 19.85, 19.85, 12200
03/23/98, 20.00, 20.00, 20.00, 20.00, 770
03/12/98, 25.50, 25.50, 25.50, 25.50, 1200
02/26/98, 23.33, 23.33, 23.33, 23.33, 4875.00464831693
02/18/98, 17.00, 17.00, 17.00, 17.00, 1650.0015732765
02/16/98, 16.67, 16.67, 16.67, 16.67, 4950.0047198295
02/13/98, 16.83, 16.83, 16.83, 16.83, 10455.009968852
02/12/98, 18.00, 18.00, 18.00, 18.00, 195.000185932677
02/11/98, 17.00, 17.00, 17.00, 17.00, 6900.00657915627
02/10/98, 17.33, 17.33, 17.33, 17.33, 2100.00200235191
02/06/98, 17.33, 17.33, 17.33, 17.33, 1800.00171630164
02/05/98, 18.00, 18.00, 18.00, 18.00, 4950.0047198295
02/04/98, 20.00, 20.00, 20.00, 20.00, 4500.00429075409
01/29/98, 19.33, 19.33, 19.33, 19.33, 450.000429075409
01/26/98, 18.83, 18.83, 18.83, 18.83, 150.000143025136
01/21/98, 18.67, 18.67, 18.67, 18.67, 4350.00414772896
01/19/98, 17.17, 17.17, 17.17, 17.17, 900.000858150818
01/13/98, 16.67, 16.67, 16.67, 16.67, 1590.00151606645
12/17/97, 15.67, 15.67, 15.67, 15.67, 1350.00128722623
12/16/97, 15.50, 15.50, 15.50, 15.50, 750.000715125682
12/11/97, 15.17, 15.17, 15.17, 15.17, 450.000429075409
11/25/97, 14.67, 14.67, 14.67, 14.67, 450.000429075409
11/24/97, 14.83, 14.83, 14.83, 14.83, 1350.00128722623
11/19/97, 14.67, 14.67, 14.67, 14.67, 3000.00286050273
11/14/97, 16.33, 16.33, 16.33, 16.33, 600960.573015906
11/13/97, 16.33, 16.33, 16.33, 16.33, 17250.0164478907
10/30/97, 14.67, 14.67, 14.67, 14.67, 6000.00572100546
10/23/97, 15.33, 15.33, 15.33, 15.33, 11625.0110844481
10/22/97, 15.33, 15.33, 15.33, 15.33, 5850.00557798032
10/15/97, 16.00, 16.00, 16.00, 16.00, 11025.0105123475
10/09/97, 16.67, 16.67, 16.67, 16.67, 9225.00879604589
10/07/97, 16.00, 16.00, 16.00, 16.00, 1650.0015732765
10/03/97, 16.00, 16.00, 16.00, 16.00, 1350.00128722623
09/30/97, 17.17, 17.17, 17.17, 17.17, 3450.00328957814
09/26/97, 16.67, 16.67, 16.67, 16.67, 4200.00400470382
09/17/97, 16.83, 16.83, 16.83, 16.83, 91950.0876744086
09/16/97, 16.67, 16.67, 16.67, 16.67, 5190.00494866972
09/10/97, 17.67, 17.67, 17.67, 17.67, 2850.00271747759
09/09/97, 16.83, 16.83, 16.83, 16.83, 5550.00529193005
09/08/97, 16.67, 16.67, 16.67, 16.67, 1350.00128722623
09/03/97, 17.33, 17.33, 17.33, 17.33, 450.000429075409
09/02/97, 17.33, 17.33, 17.33, 17.33, 2100.00200235191
09/01/97, 17.50, 17.50, 17.50, 17.50, 3000.00286050273
08/27/97, 17.33, 17.33, 17.33, 17.33, 6600.006293106
08/07/97, 19.33, 19.33, 19.33, 19.33, 171825.163835294
08/01/97, 19.33, 19.33, 19.33, 19.33, 900.000858150818
07/31/97, 20.33, 20.33, 20.33, 20.33, 1200.00114420109
07/28/97, 20.67, 20.67, 20.67, 20.67, 26400.025172424
07/25/97, 21.33, 21.33, 21.33, 21.33, 23085.0220115685
07/21/97, 19.33, 19.33, 19.33, 19.33, 14400.0137304131
07/18/97, 19.00, 19.00, 19.00, 19.00, 1950.00185932677
07/16/97, 18.67, 18.67, 18.67, 18.67, 1950.00185932677
07/15/97, 19.33, 19.33, 19.33, 19.33, 900.000858150818
07/14/97, 19.33, 19.33, 19.33, 19.33, 11640.0110987506